GI FMT=1
NB 4558 0090 60
NB 4558 0091 60
NB 4558 0092 60
NB 4558 0093 60
NB 4558 0094 60
NB 4558 0095 60
NB 4558 0096 50
NB 4558 0097 50
NB 4558 0098 50
NB 4558 0099 50
NB 4558 0191 50
NB 4558 0192 50
NB 4558 0193 50
NB 4558 0194 50
NB 4558 0195 50
NB 4558 0196 50
NB 4558 0197 50
NB 4558 0198 50
NB 4558 0199 50
NB 4558 0291 50
NB 4558 0292 50
NB 4558 0293 50
NB 4558 0294 50
NB 4558 0295 50
NB 4558 0296 50
NB 4558 0297 50
NB 4558 0298 50
NB 4558 0299 50
NB 4558 0391 50
NB 4558 0392 50
NB 4558 0393 50
NB 4558 0394 50
NB 4558 0395 50
NB 4558 0396 50
NB 4558 0397 50
NB 4558 0398 50
NB 4558 0399 50
NB 4558 0491 55
NB 4558 0492 55
NB 4558 0493 50
NB 4558 0494 50
NB 4558 0495 50
NB 4558 0496 55
NB 4558 0497 55
NB 4558 0498 55
NB 4558 0499 55
NB 4558 0591 55
NB 4558 0592 50
NB 4558 0593 50
NB 4558 0594 55
NB 4558 0595 50
NB 4558 0596 55
NB 4558 0597 55
NB 4558 0598 60
NB 4558 0599 60
NB 4558 0691 60
NB 4558 0692 55
NB 4558 0693 55
NB 4558 0694 55
NB 4558 0695 55
NB 4558 0696 55
NB 4558 0697 55
NB 4558 0698 60
NB 4558 0699 60
NB 4558 0791 60
NB 4558 0792 60
NB 4558 0793 60
NB 4558 0794 60
NB 4558 0795 60
NB 4558 0796 60
NB 4558 0797 60
NB 4558 0798 60
NB 4558 0799 60
NB 4558 0891 70
NB 4558 0892 60
NB 4558 0893 65
NB 4558 0894 70
NB 4558 0895 70
NB 4558 0896 70
NB 4558 0897 70
NB 4558 0898 70
NB 4558 0899 70
NB 4558 0991 70
NB 4558 0992 85
NB 4558 0993 65
NB 4558 0994 75
NB 4558 0995 80
NB 4558 0996 80
NB 4558 0997 80
NB 4558 0998 80
NB 4558 0999 75
NB 4558 1091 75
NB 4558 1092 65
NB 4558 1093 80
NB 4558 1094 75
NB 4558 1095 80
NB 4558 1096 90
NB 4558 1097 90
NB 4558 1098 90
NB 4558 1099 80
NB 4558 1191 65
NB 4558 1192 70
NB 4558 1193 80
NB 4558 1194 80
NB 4558 1195 85
NB 4558 1196 90
NB 4558 1197 100
NB 4558 1198 100
NB 4558 1199 100
NB 4558 1291 65
NB 4558 1292 70
NB 4558 1293 70
NB 4558 1294 85
NB 4558 1295 85
NB 4558 1296 90
NB 4558 1297 95
NB 4558 1298 105
NB 4558 1299 105
NB 4558 1391 70
NB 4558 1392 65
NB 4558 1393 70
NB 4558 1394 80
NB 4558 1395 85
NB 4558 1396 85
NB 4558 1397 95
NB 4558 1398 100
NB 4558 1399 100
NB 4558 1491 70
NB 4558 1492 70
NB 4558 1493 70
NB 4558 1494 70
NB 4558 1495 80
NB 4558 1496 80
NB 4558 1497 90
NB 4558 1498 100
NB 4558 1499 100
NB 4558 1591 70
NB 4558 1592 70
NB 4558 1593 70
NB 4558 1594 70
NB 4558 1595 70
NB 4558 1596 75
NB 4558 1597 90
NB 4558 1598 100
NB 4558 1599 100
NB 4558 1691 70
NB 4558 1692 75
NB 4558 1693 75
NB 4558 1694 75
NB 4558 1695 90
NB 4558 1696 80
NB 4558 1697 80
NB 4558 1698 100
NB 4558 1699 100
NB 4558 1791 80
NB 4558 1792 80
NB 4558 1793 70
NB 4558 1794 90
NB 4558 1795 90
NB 4558 1796 80
NB 4558 1797 80
NB 4558 1798 90
NB 4558 1799 100
NB 4558 1891 90
NB 4558 1892 85
NB 4558 1893 80
NB 4558 1894 85
NB 4558 1895 80
NB 4558 1896 85
NB 4558 1897 80
NB 4558 1898 90
NB 4558 1899 100
NB 4558 1991 90
NB 4558 1992 90
NB 4558 1993 90
NB 4558 1994 90
NB 4558 1995 90
NB 4558 1996 90
NB 4558 1997 90
NB 4558 1998 90
NB 4558 1999 90
NB 4558 2091 90
NB 4558 2092 90
NB 4558 2093 90
NB 4558 2094 90
NB 4558 2095 90
NB 4558 2096 90
NB 4558 2097 90
NB 4558 2098 100
NB 4558 2099 100
NB 4558 2191 90
NB 4558 2192 100
NB 4558 2193 100
NB 4558 2194 100
NB 4558 2195 100
NB 4558 2196 90
NB 4558 2197 90
NB 4558 2198 100
NB 4558 2199 100
NB 4558 2291 90
NB 4558 2292 95
NB 4558 2293 100
NB 4558 2294 100
NB 4558 2295 100
NB 4558 2296 90
NB 4558 2297 90
NB 4558 2298 90
NB 4558 2299 90
NB 4558 2391 75
NB 4558 2392 80
NB 4558 2393 90
NB 4558 2394 90
NB 4558 2395 80
NB 4558 2396 80
NB 4558 2397 80
NB 4558 2398 80
NB 4558 2399 90
NB 4558 2491 80
NB 4558 2492 85
NB 4558 2493 90
NB 4558 2494 100
NB 4558 2495 80
NB 4558 2496 75
NB 4558 2497 75
NB 4558 2498 80
NB 4558 2499 80
NB 4558 2591 85
NB 4558 2592 100
NB 4558 2593 100
NB 4558 2594 100
NB 4558 2595 80
NB 4558 2596 80
NB 4558 2597 80
NB 4558 2598 80
NB 4558 2599 80
NB 4558 2691 80
NB 4558 2692 90
NB 4558 2693 100
NB 4558 2694 100
NB 4558 2695 80
NB 4558 2696 80
NB 4558 2697 80
NB 4558 2698 80
NB 4558 2699 80
NB 4558 2791 90
NB 4558 2792 100
NB 4558 2793 110
NB 4558 2794 90
NB 4558 2795 75
NB 4558 2796 75
NB 4558 2797 80
NB 4558 2798 80
NB 4558 2799 80
NB 4558 2891 100
NB 4558 2892 100
NB 4558 2893 90
NB 4558 2894 75
NB 4558 2895 80
NB 4558 2896 80
NB 4558 2897 80
NB 4558 2898 80
NB 4558 2899 80
NB 4558 2991 90
NB 4558 2992 80
NB 4558 2993 70
NB 4558 2994 70
NB 4558 2995 70
NB 4558 2996 70
NB 4558 2997 70
NB 4558 2998 80
NB 4558 2999 80
NB 4558 3091 80
NB 4558 3092 80
NB 4558 3093 80
NB 4558 3094 80
NB 4558 3095 80
NB 4558 3096 80
NB 4558 3097 80
NB 4558 3098 80
NB 4558 3099 80
NB 4558 3191 80
NB 4558 3192 80
NB 4558 3193 80
NB 4558 3194 80
NB 4558 3195 80
NB 4558 3196 80
NB 4558 3197 80
NB 4558 3198 80
NB 4558 3199 80
NB 4558 3291 80
NB 4558 3292 80
NB 4558 3293 75
NB 4558 3294 80
NB 4558 3295 75
NB 4558 3296 75
NB 4558 3297 75
NB 4558 3298 75
NB 4558 3299 75
NB 4558 3391 75
NB 4558 3392 75
NB 4558 3393 75
NB 4558 3394 75
NB 4558 3395 75
NB 4558 3396 75
NB 4558 3397 75
NB 4558 3398 75
NB 4558 3399 75
NB 4558 3491 62
NB 4558 3492 65
NB 4558 3493 65
NB 4558 3494 67
NB 4558 3495 70
NB 4558 3496 73
NB 4558 3497 72
NB 4558 3498 72
NB 4558 3499 74
NB 4558 3591 62
NB 4558 3592 64
NB 4558 3593 67
NB 4558 3594 69
NB 4558 3595 71
NB 4558 3596 72
NB 4558 3597 72
NB 4558 3598 70
NB 4558 3599 75
NB 4558 3691 65
NB 4558 3692 70
NB 4558 3693 70
NB 4558 3694 72
NB 4558 3695 72
NB 4558 3696 74
NB 4558 3697 72
NB 4558 3698 69
NB 4558 3699 75
NB 4558 3791 72
NB 4558 3792 72
NB 4558 3793 73
NB 4558 3794 73
NB 4558 3795 75
NB 4558 3796 75
NB 4558 3797 73
NB 4558 3798 69
NB 4558 3799 78
NB 4558 3891 76
NB 4558 3892 74
NB 4558 3893 76
NB 4558 3894 76
NB 4558 3895 78
NB 4558 3896 77
NB 4558 3897 75
NB 4558 3898 77
NB 4558 3899 69
NB 4558 3991 77
NB 4558 3992 76
NB 4558 3993 80
NB 4558 3994 77
NB 4558 3995 79
NB 4558 3996 83
NB 4558 3997 80
NB 4558 3998 80
NB 4558 3999 80
NB 4558 4091 75
NB 4558 4092 77
NB 4558 4093 80
NB 4558 4094 82
NB 4558 4095 80
NB 4558 4096 81
NB 4558 4097 85
NB 4558 4098 80
NB 4558 4099 72
NB 4558 4191 75
NB 4558 4192 79
NB 4558 4193 84
NB 4558 4194 81
NB 4558 4195 80
NB 4558 4196 82
NB 4558 4197 79
NB 4558 4198 82
NB 4558 4199 70
NB 4558 4291 77
NB 4558 4292 80
NB 4558 4293 81
NB 4558 4294 76
NB 4558 4295 74
NB 4558 4296 71
NB 4558 4297 72
NB 4558 4298 75
NB 4558 4299 77
NB 4558 4391 80
NB 4558 4392 81
NB 4558 4393 85
NB 4558 4394 82
NB 4558 4395 85
NB 4558 4396 71
NB 4558 4397 80
NB 4558 4398 69
NB 4558 4399 70
NB 4558 4491 81
NB 4558 4492 81
NB 4558 4493 85
NB 4558 4494 85
NB 4558 4495 85
NB 4558 4496 80
NB 4558 4497 84
NB 4558 4498 91
NB 4558 4499 72
NB 4558 4591 83
NB 4558 4592 84
NB 4558 4593 82
NB 4558 4594 87
NB 4558 4595 87
NB 4558 4596 82
NB 4558 4597 90
NB 4558 4598 90
NB 4558 4599 81
NB 4558 4691 85
NB 4558 4692 89
NB 4558 4693 82
NB 4558 4694 87
NB 4558 4695 82
NB 4558 4696 82
NB 4558 4697 92
NB 4558 4698 93
NB 4558 4699 95
NB 4558 4791 90
NB 4558 4792 90
NB 4558 4793 80
NB 4558 4794 83
NB 4558 4795 90
NB 4558 4796 93
NB 4558 4797 90
NB 4558 4798 78
NB 4558 4799 80
NB 4558 4891 92
NB 4558 4892 92
NB 4558 4893 92
NB 4558 4894 91
NB 4558 4895 94
NB 4558 4896 93
NB 4558 4897 87
NB 4558 4898 85
NB 4558 4899 73
NB 4558 4991 90
NB 4558 4992 96
NB 4558 4993 90
NB 4558 4994 95
NB 4558 4995 99
NB 4558 4996 93
NB 4558 4997 95
NB 4558 4998 75
NB 4558 4999 83
NB 4558 5091 92
NB 4558 5092 97
NB 4558 5093 92
NB 4558 5094 107
NB 4558 5095 93
NB 4558 5096 105
NB 4558 5097 89
NB 4558 5098 87
NB 4558 5099 91
NB 4558 5191 75
NB 4558 5192 67
NB 4558 5193 88
NB 4558 5194 77
NB 4558 5195 77
NB 4558 5196 81
NB 4558 5197 85
NB 4558 5198 90
NB 4558 5199 90
NB 4558 5291 65
NB 4558 5292 56
NB 4558 5293 73
NB 4558 5294 71
NB 4558 5295 66
NB 4558 5296 82
NB 4558 5297 59
NB 4558 5298 81
NB 4558 5299 80
NB 4558 5391 57
NB 4558 5392 56
NB 4558 5393 70
NB 4558 5394 73
NB 4558 5395 61
NB 4558 5396 71
NB 4558 5397 60
NB 4558 5398 58
NB 4558 5399 58
NB 4558 5491 56
NB 4558 5492 65
NB 4558 5493 61
NB 4558 5494 68
NB 4558 5495 66
NB 4558 5496 66
NB 4558 5497 65
NB 4558 5498 58
NB 4558 5499 75
NB 4558 5591 62
NB 4558 5592 70
NB 4558 5593 71
NB 4558 5594 57
NB 4558 5595 72
NB 4558 5596 67
NB 4558 5597 66
NB 4558 5598 58
NB 4558 5599 63
NB 4558 5691 65
NB 4558 5692 56
NB 4558 5693 56
NB 4558 5694 59
NB 4558 5695 67
NB 4558 5696 65
NB 4558 5697 64
NB 4558 5698 58
NB 4558 5699 67
NB 4558 5791 64
NB 4558 5792 65
NB 4558 5793 56
NB 4558 5794 57
NB 4558 5795 61
NB 4558 5796 64
NB 4558 5797 72
NB 4558 5798 72
NB 4558 5799 59
NB 4558 5891 55
NB 4558 5892 56
NB 4558 5893 55
NB 4558 5894 69
NB 4558 5895 65
NB 4558 5896 70
NB 4558 5897 57
NB 4558 5898 57
NB 4558 5899 72
NB 4558 5991 57
NB 4558 5992 67
NB 4558 5993 66
NB 4558 5994 60
NB 4558 5995 63
NB 4558 5996 58
NB 4558 5997 57
NB 4558 5998 69
NB 4558 5999 68
NB 4558 6091 61
NB 4558 6092 68
NB 4558 6093 70
NB 4558 6094 61
NB 4558 6095 56
NB 4558 6096 57
NB 4558 6097 57
NB 4558 6098 57
NB 4558 6099 59
NB 4558 6191 60
NB 4558 6192 60
NB 4558 6193 72
NB 4558 6194 70
NB 4558 6195 63
NB 4558 6196 64
NB 4558 6197 62
NB 4558 6198 61
NB 4558 6199 57
NB 4558 6291 69
NB 4558 6292 72
NB 4558 6293 75
NB 4558 6294 57
NB 4558 6295 65
NB 4558 6296 56
NB 4558 6297 72
NB 4558 6298 72
NB 4558 6299 77
NB 4558 6391 63
NB 4558 6392 76
NB 4558 6393 77
NB 4558 6394 56
NB 4558 6395 62
NB 4558 6396 65
NB 4558 6397 56
NB 4558 6398 72
NB 4558 6399 57
NB 4558 6491 70
NB 4558 6492 75
NB 4558 6493 76
NB 4558 6494 74
NB 4558 6495 56
NB 4558 6496 69
NB 4558 6497 56
NB 4558 6498 86
NB 4558 6499 61
NB 4558 6591 76
NB 4558 6592 60
NB 4558 6593 76
NB 4558 6594 80
NB 4558 6595 71
NB 4558 6596 60
NB 4558 6597 59
NB 4558 6598 78
NB 4558 6599 79
NB 4558 6691 70
NB 4558 6692 78
NB 4558 6693 81
NB 4558 6694 82
NB 4558 6695 83
NB 4558 6696 75
NB 4558 6697 73
NB 4558 6698 60
NB 4558 6699 67
NB 4558 6791 70
NB 4558 6792 59
NB 4558 6793 82
NB 4558 6794 82
NB 4558 6795 80
NB 4558 6796 67
NB 4558 6797 78
NB 4558 6798 57
NB 4558 6799 69
NB 4558 6891 59
NB 4558 6892 59
NB 4558 6893 77
NB 4558 6894 74
NB 4558 6895 68
NB 4558 6896 72
NB 4558 6897 69
NB 4558 6898 70
NB 4558 6899 62
NB 4558 6991 59
NB 4558 6992 59
NB 4558 6993 59
NB 4558 6994 69
NB 4558 6995 79
NB 4558 6996 62
NB 4558 6997 54
NB 4558 6998 54
NB 4558 6999 64
NB 4559 0000 55
NB 4559 0001 55
NB 4559 0002 54
NB 4559 0003 57
NB 4559 0004 66
NB 4559 0005 85
NB 4559 0006 85
NB 4559 0007 115
NB 4559 0008 85
NB 4559 0009 64
NB 4559 0010 57
NB 4559 0011 56
NB 4559 0012 56
NB 4559 0013 57
NB 4559 0014 57
NB 4559 0015 58
NB 4559 0016 55
NB 4559 0017 49
NB 4559 0018 52
NB 4559 0019 52
NB 4559 0020 52
NB 4559 0021 53
NB 4559 0022 62
NB 4559 0023 57
NB 4559 0024 61
NB 4559 0025 57
NB 4559 0026 67
NB 4559 0027 57
NB 4559 0028 56
NB 4559 0029 63
NB 4559 0030 62
NB 4559 0031 66
NB 4559 0032 77
NB 4559 0033 76
NB 4559 0034 78
NB 4559 0035 77
NB 4559 0036 70
NB 4559 0037 66
NB 4559 0038 65
NB 4559 0039 64
NB 4559 0040 70
NB 4559 0041 63
NB 4559 0042 56
NB 4559 0043 62
NB 4559 0044 56
NB 4559 0045 60
NB 4559 0046 37
NB 4559 0047 41
NB 4559 0048 49
NB 4559 0049 42
NB 4559 0050 35
NB 4559 0051 47
NB 4559 0052 40
NB 4559 0053 55
NB 4559 0054 40
NB 4559 0055 63
NB 4559 0056 53
NB 4559 0057 52
NB 4559 0058 51
NB 4559 0059 44
NB 4559 0060 31
NB 4559 0061 7
NB 4559 0062 4
NB 4559 0063 4
NB 4559 0100 55
NB 4559 0101 52
NB 4559 0102 60
NB 4559 0103 57
NB 4559 0104 60
NB 4559 0105 71
NB 4559 0106 84
NB 4559 0107 100
NB 4559 0108 88
NB 4559 0109 70
NB 4559 0110 59
NB 4559 0111 57
NB 4559 0112 58
NB 4559 0113 60
NB 4559 0114 59
NB 4559 0115 56
NB 4559 0116 57
NB 4559 0117 52
NB 4559 0118 52
NB 4559 0119 49
NB 4559 0120 48
NB 4559 0121 58
NB 4559 0122 49
NB 4559 0123 56
NB 4559 0124 51
NB 4559 0125 57
NB 4559 0126 59
NB 4559 0127 56
NB 4559 0128 57
NB 4559 0129 57
NB 4559 0130 59
NB 4559 0131 60
NB 4559 0132 72
NB 4559 0133 71
NB 4559 0134 75
NB 4559 0135 75
NB 4559 0136 72
NB 4559 0137 65
NB 4559 0138 55
NB 4559 0139 56
NB 4559 0140 65
NB 4559 0141 56
NB 4559 0142 44
NB 4559 0143 52
NB 4559 0144 50
NB 4559 0145 57
NB 4559 0146 60
NB 4559 0147 46
NB 4559 0148 44
NB 4559 0149 37
NB 4559 0150 47
NB 4559 0151 44
NB 4559 0152 52
NB 4559 0153 52
NB 4559 0154 40
NB 4559 0155 42
NB 4559 0156 43
NB 4559 0157 48
NB 4559 0158 39
NB 4559 0159 33
NB 4559 0160 21
NB 4559 0161 16
NB 4559 0162 5
NB 4559 0163 4
NB 4559 0200 55
NB 4559 0201 53
NB 4559 0202 53
NB 4559 0203 54
NB 4559 0204 56
NB 4559 0205 62
NB 4559 0206 81
NB 4559 0207 92
NB 4559 0208 83
NB 4559 0209 63
NB 4559 0210 58
NB 4559 0211 59
NB 4559 0212 59
NB 4559 0213 60
NB 4559 0214 60
NB 4559 0215 70
NB 4559 0216 53
NB 4559 0217 55
NB 4559 0218 56
NB 4559 0219 56
NB 4559 0220 54
NB 4559 0221 55
NB 4559 0222 55
NB 4559 0223 62
NB 4559 0224 60
NB 4559 0225 60
NB 4559 0226 54
NB 4559 0227 50
NB 4559 0228 56
NB 4559 0229 57
NB 4559 0230 60
NB 4559 0231 61
NB 4559 0232 68
NB 4559 0233 66
NB 4559 0234 67
NB 4559 0235 68
NB 4559 0236 62
NB 4559 0237 54
NB 4559 0238 59
NB 4559 0239 69
NB 4559 0240 50
NB 4559 0241 47
NB 4559 0242 44
NB 4559 0243 44
NB 4559 0244 41
NB 4559 0245 41
NB 4559 0246 50
NB 4559 0247 67
NB 4559 0248 40
NB 4559 0249 37
NB 4559 0250 51
NB 4559 0251 63
NB 4559 0252 55
NB 4559 0253 42
NB 4559 0254 44
NB 4559 0255 56
NB 4559 0256 39
NB 4559 0257 21
NB 4559 0258 25
NB 4559 0259 26
NB 4559 0260 10
NB 4559 0261 6
NB 4559 0262 4
NB 4559 0263 2
NB 4559 0300 60
NB 4559 0301 60
NB 4559 0302 59
NB 4559 0303 56
NB 4559 0304 57
NB 4559 0305 57
NB 4559 0306 60
NB 4559 0307 64
NB 4559 0308 64
NB 4559 0309 59
NB 4559 0310 62
NB 4559 0311 60
NB 4559 0312 62
NB 4559 0313 63
NB 4559 0314 64
NB 4559 0315 60
NB 4559 0316 59
NB 4559 0317 59
NB 4559 0318 57
NB 4559 0319 56
NB 4559 0320 52
NB 4559 0321 57
NB 4559 0322 57
NB 4559 0323 65
NB 4559 0324 61
NB 4559 0325 65
NB 4559 0326 62
NB 4559 0327 75
NB 4559 0328 60
NB 4559 0329 51
NB 4559 0330 51
NB 4559 0331 62
NB 4559 0332 62
NB 4559 0333 67
NB 4559 0334 65
NB 4559 0335 62
NB 4559 0336 62
NB 4559 0337 56
NB 4559 0338 67
NB 4559 0339 54
NB 4559 0340 50
NB 4559 0341 46
NB 4559 0342 44
NB 4559 0343 45
NB 4559 0344 42
NB 4559 0345 45
NB 4559 0346 43
NB 4559 0347 65
NB 4559 0348 52
NB 4559 0349 47
NB 4559 0350 40
NB 4559 0351 47
NB 4559 0352 65
NB 4559 0353 52
NB 4559 0354 40
NB 4559 0355 41
NB 4559 0356 44
NB 4559 0357 31
NB 4559 0358 8
NB 4559 0359 7
NB 4559 0360 10
NB 4559 0361 5
NB 4559 0362 4
NB 4559 0363 3
NB 4559 0400 60
NB 4559 0401 65
NB 4559 0402 60
NB 4559 0403 60
NB 4559 0404 69
NB 4559 0405 58
NB 4559 0406 57
NB 4559 0407 64
NB 4559 0408 60
NB 4559 0409 62
NB 4559 0410 61
NB 4559 0411 62
NB 4559 0412 65
NB 4559 0413 65
NB 4559 0414 64
NB 4559 0415 60
NB 4559 0416 55
NB 4559 0417 61
NB 4559 0418 62
NB 4559 0419 67
NB 4559 0420 60
NB 4559 0421 60
NB 4559 0422 57
NB 4559 0423 60
NB 4559 0424 62
NB 4559 0425 87
NB 4559 0426 100
NB 4559 0427 81
NB 4559 0428 63
NB 4559 0429 55
NB 4559 0430 59
NB 4559 0431 62
NB 4559 0432 66
NB 4559 0433 72
NB 4559 0434 73
NB 4559 0435 57
NB 4559 0436 56
NB 4559 0437 49
NB 4559 0438 65
NB 4559 0439 62
NB 4559 0440 45
NB 4559 0441 57
NB 4559 0442 54
NB 4559 0443 44
NB 4559 0444 43
NB 4559 0445 57
NB 4559 0446 50
NB 4559 0447 51
NB 4559 0448 63
NB 4559 0449 53
NB 4559 0450 37
NB 4559 0451 40
NB 4559 0452 53
NB 4559 0453 74
NB 4559 0454 57
NB 4559 0455 53
NB 4559 0456 47
NB 4559 0457 38
NB 4559 0458 17
NB 4559 0459 7
NB 4559 0460 9
NB 4559 0461 7
NB 4559 0462 8
NB 4559 0463 5
NB 4559 0500 65
NB 4559 0501 65
NB 4559 0502 64
NB 4559 0503 67
NB 4559 0504 68
NB 4559 0505 59
NB 4559 0506 60
NB 4559 0507 62
NB 4559 0508 62
NB 4559 0509 62
NB 4559 0510 64
NB 4559 0511 65
NB 4559 0512 65
NB 4559 0513 67
NB 4559 0514 64
NB 4559 0515 62
NB 4559 0516 56
NB 4559 0517 64
NB 4559 0518 65
NB 4559 0519 62
NB 4559 0520 65
NB 4559 0521 69
NB 4559 0522 63
NB 4559 0523 60
NB 4559 0524 76
NB 4559 0525 96
NB 4559 0526 94
NB 4559 0527 84
NB 4559 0528 64
NB 4559 0529 59
NB 4559 0530 58
NB 4559 0531 54
NB 4559 0532 57
NB 4559 0533 72
NB 4559 0534 65
NB 4559 0535 62
NB 4559 0536 55
NB 4559 0537 53
NB 4559 0538 63
NB 4559 0539 48
NB 4559 0540 46
NB 4559 0541 68
NB 4559 0542 44
NB 4559 0543 50
NB 4559 0544 47
NB 4559 0545 53
NB 4559 0546 50
NB 4559 0547 67
NB 4559 0548 39
NB 4559 0549 49
NB 4559 0550 44
NB 4559 0551 43
NB 4559 0552 44
NB 4559 0553 76
NB 4559 0554 85
NB 4559 0555 74
NB 4559 0556 51
NB 4559 0557 54
NB 4559 0558 38
NB 4559 0559 23
NB 4559 0560 18
NB 4559 0561 11
NB 4559 0562 11
NB 4559 0563 9
NB 4559 0600 65
NB 4559 0601 68
NB 4559 0602 70
NB 4559 0603 70
NB 4559 0604 71
NB 4559 0605 64
NB 4559 0606 62
NB 4559 0607 62
NB 4559 0608 60
NB 4559 0609 65
NB 4559 0610 65
NB 4559 0611 66
NB 4559 0612 68
NB 4559 0613 68
NB 4559 0614 65
NB 4559 0615 63
NB 4559 0616 61
NB 4559 0617 62
NB 4559 0618 65
NB 4559 0619 65
NB 4559 0620 69
NB 4559 0621 76
NB 4559 0622 62
NB 4559 0623 65
NB 4559 0624 75
NB 4559 0625 72
NB 4559 0626 72
NB 4559 0627 66
NB 4559 0628 62
NB 4559 0629 60
NB 4559 0630 60
NB 4559 0631 62
NB 4559 0632 60
NB 4559 0633 63
NB 4559 0634 52
NB 4559 0635 55
NB 4559 0636 50
NB 4559 0637 61
NB 4559 0638 47
NB 4559 0639 48
NB 4559 0640 47
NB 4559 0641 60
NB 4559 0642 62
NB 4559 0643 47
NB 4559 0644 47
NB 4559 0645 50
NB 4559 0646 46
NB 4559 0647 63
NB 4559 0648 41
NB 4559 0649 45
NB 4559 0650 52
NB 4559 0651 40
NB 4559 0652 52
NB 4559 0653 75
NB 4559 0654 87
NB 4559 0655 85
NB 4559 0656 67
NB 4559 0657 38
NB 4559 0658 32
NB 4559 0659 22
NB 4559 0660 23
NB 4559 0661 5
NB 4559 0662 12
NB 4559 0663 12
NB 4559 0700 65
NB 4559 0701 69
NB 4559 0702 70
NB 4559 0703 66
NB 4559 0704 63
NB 4559 0705 60
NB 4559 0706 62
NB 4559 0707 62
NB 4559 0708 64
NB 4559 0709 65
NB 4559 0710 67
NB 4559 0711 69
NB 4559 0712 70
NB 4559 0713 69
NB 4559 0714 65
NB 4559 0715 61
NB 4559 0716 64
NB 4559 0717 62
NB 4559 0718 65
NB 4559 0719 70
NB 4559 0720 65
NB 4559 0721 81
NB 4559 0722 62
NB 4559 0723 64
NB 4559 0724 62
NB 4559 0725 62
NB 4559 0726 66
NB 4559 0727 65
NB 4559 0728 58
NB 4559 0729 55
NB 4559 0730 56
NB 4559 0731 55
NB 4559 0732 63
NB 4559 0733 60
NB 4559 0734 56
NB 4559 0735 53
NB 4559 0736 52
NB 4559 0737 61
NB 4559 0738 47
NB 4559 0739 47
NB 4559 0740 46
NB 4559 0741 46
NB 4559 0742 46
NB 4559 0743 48
NB 4559 0744 49
NB 4559 0745 55
NB 4559 0746 68
NB 4559 0747 64
NB 4559 0748 50
NB 4559 0749 40
NB 4559 0750 40
NB 4559 0751 43
NB 4559 0752 50
NB 4559 0753 65
NB 4559 0754 71
NB 4559 0755 78
NB 4559 0756 58
NB 4559 0757 27
NB 4559 0758 14
NB 4559 0759 7
NB 4559 0760 30
NB 4559 0761 28
NB 4559 0762 9
NB 4559 0763 3
NB 4559 0800 70
NB 4559 0801 70
NB 4559 0802 70
NB 4559 0803 77
NB 4559 0804 67
NB 4559 0805 64
NB 4559 0806 70
NB 4559 0807 62
NB 4559 0808 65
NB 4559 0809 67
NB 4559 0810 65
NB 4559 0811 69
NB 4559 0812 71
NB 4559 0813 72
NB 4559 0814 67
NB 4559 0815 65
NB 4559 0816 65
NB 4559 0817 62
NB 4559 0818 67
NB 4559 0819 60
NB 4559 0820 74
NB 4559 0821 64
NB 4559 0822 63
NB 4559 0823 65
NB 4559 0824 63
NB 4559 0825 61
NB 4559 0826 62
NB 4559 0827 59
NB 4559 0828 65
NB 4559 0829 57
NB 4559 0830 56
NB 4559 0831 58
NB 4559 0832 58
NB 4559 0833 52
NB 4559 0834 52
NB 4559 0835 52
NB 4559 0836 57
NB 4559 0837 57
NB 4559 0838 47
NB 4559 0839 46
NB 4559 0840 46
NB 4559 0841 46
NB 4559 0842 46
NB 4559 0843 49
NB 4559 0844 63
NB 4559 0845 65
NB 4559 0846 63
NB 4559 0847 61
NB 4559 0848 49
NB 4559 0849 46
NB 4559 0850 40
NB 4559 0851 42
NB 4559 0852 63
NB 4559 0853 73
NB 4559 0854 71
NB 4559 0855 71
NB 4559 0856 43
NB 4559 0857 20
NB 4559 0858 15
NB 4559 0859 10
NB 4559 0860 8
NB 4559 0861 22
NB 4559 0862 29
NB 4559 0863 6
NB 4559 0900 80
NB 4559 0901 82
NB 4559 0902 86
NB 4559 0903 87
NB 4559 0904 75
NB 4559 0905 75
NB 4559 0906 64
NB 4559 0907 63
NB 4559 0908 65
NB 4559 0909 69
NB 4559 0910 67
NB 4559 0911 70
NB 4559 0912 72
NB 4559 0913 74
NB 4559 0914 70
NB 4559 0915 69
NB 4559 0916 64
NB 4559 0917 70
NB 4559 0918 66
NB 4559 0919 69
NB 4559 0920 68
NB 4559 0921 63
NB 4559 0922 64
NB 4559 0923 59
NB 4559 0924 65
NB 4559 0925 59
NB 4559 0926 65
NB 4559 0927 64
NB 4559 0928 62
NB 4559 0929 57
NB 4559 0930 55
NB 4559 0931 59
NB 4559 0932 62
NB 4559 0933 55
NB 4559 0934 55
NB 4559 0935 52
NB 4559 0936 59
NB 4559 0937 55
NB 4559 0938 52
NB 4559 0939 50
NB 4559 0940 49
NB 4559 0941 46
NB 4559 0942 47
NB 4559 0943 57
NB 4559 0944 57
NB 4559 0945 57
NB 4559 0946 68
NB 4559 0947 57
NB 4559 0948 52
NB 4559 0949 41
NB 4559 0950 54
NB 4559 0951 55
NB 4559 0952 81
NB 4559 0953 69
NB 4559 0954 75
NB 4559 0955 67
NB 4559 0956 51
NB 4559 0957 20
NB 4559 0958 12
NB 4559 0959 21
NB 4559 0960 5
NB 4559 0961 12
NB 4559 0962 19
NB 4559 0963 19
NB 4559 1000 85
NB 4559 1001 87
NB 4559 1002 95
NB 4559 1003 92
NB 4559 1004 88
NB 4559 1005 82
NB 4559 1006 79
NB 4559 1007 65
NB 4559 1008 64
NB 4559 1009 75
NB 4559 1010 70
NB 4559 1011 70
NB 4559 1012 72
NB 4559 1013 74
NB 4559 1014 75
NB 4559 1015 75
NB 4559 1016 67
NB 4559 1017 80
NB 4559 1018 69
NB 4559 1019 69
NB 4559 1020 79
NB 4559 1021 78
NB 4559 1022 67
NB 4559 1023 65
NB 4559 1024 70
NB 4559 1025 70
NB 4559 1026 59
NB 4559 1027 67
NB 4559 1028 57
NB 4559 1029 62
NB 4559 1030 60
NB 4559 1031 60
NB 4559 1032 62
NB 4559 1033 56
NB 4559 1034 68
NB 4559 1035 69
NB 4559 1036 60
NB 4559 1037 49
NB 4559 1038 46
NB 4559 1039 51
NB 4559 1040 57
NB 4559 1041 55
NB 4559 1042 60
NB 4559 1043 57
NB 4559 1044 66
NB 4559 1045 72
NB 4559 1046 68
NB 4559 1047 55
NB 4559 1048 55
NB 4559 1049 42
NB 4559 1050 65
NB 4559 1051 61
NB 4559 1052 51
NB 4559 1053 57
NB 4559 1054 71
NB 4559 1055 70
NB 4559 1056 58
NB 4559 1057 43
NB 4559 1058 11
NB 4559 1059 11
NB 4559 1060 25
NB 4559 1061 6
NB 4559 1062 8
NB 4559 1063 15
NB 4559 1100 80
NB 4559 1101 85
NB 4559 1102 95
NB 4559 1103 106
NB 4559 1104 99
NB 4559 1105 90
NB 4559 1106 79
NB 4559 1107 71
NB 4559 1108 73
NB 4559 1109 75
NB 4559 1110 71
NB 4559 1111 72
NB 4559 1112 74
NB 4559 1113 77
NB 4559 1114 77
NB 4559 1115 75
NB 4559 1116 70
NB 4559 1117 74
NB 4559 1118 66
NB 4559 1119 76
NB 4559 1120 87
NB 4559 1121 102
NB 4559 1122 75
NB 4559 1123 67
NB 4559 1124 69
NB 4559 1125 70
NB 4559 1126 62
NB 4559 1127 70
NB 4559 1128 70
NB 4559 1129 63
NB 4559 1130 63
NB 4559 1131 56
NB 4559 1132 60
NB 4559 1133 63
NB 4559 1134 76
NB 4559 1135 74
NB 4559 1136 75
NB 4559 1137 54
NB 4559 1138 46
NB 4559 1139 46
NB 4559 1140 56
NB 4559 1141 60
NB 4559 1142 57
NB 4559 1143 65
NB 4559 1144 65
NB 4559 1145 67
NB 4559 1146 67
NB 4559 1147 60
NB 4559 1148 56
NB 4559 1149 59
NB 4559 1150 53
NB 4559 1151 42
NB 4559 1152 45
NB 4559 1153 34
NB 4559 1154 42
NB 4559 1155 31
NB 4559 1156 57
NB 4559 1157 42
NB 4559 1158 21
NB 4559 1159 12
NB 4559 1160 17
NB 4559 1161 15
NB 4559 1162 7
NB 4559 1163 9
NB 4559 1200 90
NB 4559 1201 85
NB 4559 1202 96
NB 4559 1203 106
NB 4559 1204 107
NB 4559 1205 92
NB 4559 1206 77
NB 4559 1207 77
NB 4559 1208 75
NB 4559 1209 77
NB 4559 1210 74
NB 4559 1211 75
NB 4559 1212 76
NB 4559 1213 79
NB 4559 1214 79
NB 4559 1215 77
NB 4559 1216 69
NB 4559 1217 69
NB 4559 1218 70
NB 4559 1219 88
NB 4559 1220 96
NB 4559 1221 102
NB 4559 1222 92
NB 4559 1223 72
NB 4559 1224 65
NB 4559 1225 61
NB 4559 1226 63
NB 4559 1227 70
NB 4559 1228 65
NB 4559 1229 69
NB 4559 1230 63
NB 4559 1231 63
NB 4559 1232 65
NB 4559 1233 64
NB 4559 1234 50
NB 4559 1235 47
NB 4559 1236 49
NB 4559 1237 49
NB 4559 1238 47
NB 4559 1239 50
NB 4559 1240 58
NB 4559 1241 64
NB 4559 1242 68
NB 4559 1243 71
NB 4559 1244 72
NB 4559 1245 73
NB 4559 1246 66
NB 4559 1247 71
NB 4559 1248 65
NB 4559 1249 67
NB 4559 1250 65
NB 4559 1251 59
NB 4559 1252 58
NB 4559 1253 40
NB 4559 1254 30
NB 4559 1255 48
NB 4559 1256 49
NB 4559 1257 47
NB 4559 1258 22
NB 4559 1259 11
NB 4559 1260 15
NB 4559 1261 15
NB 4559 1262 9
NB 4559 1263 7
NB 4559 1300 100
NB 4559 1301 89
NB 4559 1302 93
NB 4559 1303 105
NB 4559 1304 103
NB 4559 1305 102
NB 4559 1306 89
NB 4559 1307 83
NB 4559 1308 85
NB 4559 1309 73
NB 4559 1310 75
NB 4559 1311 76
NB 4559 1312 78
NB 4559 1313 80
NB 4559 1314 81
NB 4559 1315 81
NB 4559 1316 75
NB 4559 1317 74
NB 4559 1318 84
NB 4559 1319 90
NB 4559 1320 101
NB 4559 1321 100
NB 4559 1322 92
NB 4559 1323 89
NB 4559 1324 68
NB 4559 1325 68
NB 4559 1326 70
NB 4559 1327 65
NB 4559 1328 65
NB 4559 1329 65
NB 4559 1330 67
NB 4559 1331 70
NB 4559 1332 63
NB 4559 1333 57
NB 4559 1334 67
NB 4559 1335 62
NB 4559 1336 60
NB 4559 1337 47
NB 4559 1338 47
NB 4559 1339 57
NB 4559 1340 57
NB 4559 1341 57
NB 4559 1342 62
NB 4559 1343 70
NB 4559 1344 74
NB 4559 1345 72
NB 4559 1346 72
NB 4559 1347 72
NB 4559 1348 69
NB 4559 1349 76
NB 4559 1350 74
NB 4559 1351 68
NB 4559 1352 47
NB 4559 1353 64
NB 4559 1354 33
NB 4559 1355 50
NB 4559 1356 62
NB 4559 1357 55
NB 4559 1358 40
NB 4559 1359 16
NB 4559 1360 11
NB 4559 1361 11
NB 4559 1362 9
NB 4559 1363 11
NB 4559 1400 100
NB 4559 1401 100
NB 4559 1402 100
NB 4559 1403 104
NB 4559 1404 116
NB 4559 1405 111
NB 4559 1406 99
NB 4559 1407 102
NB 4559 1408 90
NB 4559 1409 75
NB 4559 1410 76
NB 4559 1411 78
NB 4559 1412 80
NB 4559 1413 82
NB 4559 1414 83
NB 4559 1415 83
NB 4559 1416 82
NB 4559 1417 80
NB 4559 1418 81
NB 4559 1419 105
NB 4559 1420 95
NB 4559 1421 85
NB 4559 1422 89
NB 4559 1423 82
NB 4559 1424 70
NB 4559 1425 72
NB 4559 1426 67
NB 4559 1427 63
NB 4559 1428 65
NB 4559 1429 65
NB 4559 1430 67
NB 4559 1431 65
NB 4559 1432 67
NB 4559 1433 64
NB 4559 1434 70
NB 4559 1435 60
NB 4559 1436 55
NB 4559 1437 47
NB 4559 1438 50
NB 4559 1439 53
NB 4559 1440 56
NB 4559 1441 57
NB 4559 1442 70
NB 4559 1443 70
NB 4559 1444 72
NB 4559 1445 68
NB 4559 1446 72
NB 4559 1447 59
NB 4559 1448 61
NB 4559 1449 63
NB 4559 1450 63
NB 4559 1451 76
NB 4559 1452 67
NB 4559 1453 69
NB 4559 1454 50
NB 4559 1455 27
NB 4559 1456 28
NB 4559 1457 45
NB 4559 1458 39
NB 4559 1459 20
NB 4559 1460 40
NB 4559 1461 42
NB 4559 1462 10
NB 4559 1463 12
NB 4559 1500 105
NB 4559 1501 102
NB 4559 1502 105
NB 4559 1503 101
NB 4559 1504 109
NB 4559 1505 112
NB 4559 1506 109
NB 4559 1507 104
NB 4559 1508 89
NB 4559 1509 76
NB 4559 1510 77
NB 4559 1511 80
NB 4559 1512 82
NB 4559 1513 84
NB 4559 1514 85
NB 4559 1515 85
NB 4559 1516 85
NB 4559 1517 80
NB 4559 1518 81
NB 4559 1519 83
NB 4559 1520 97
NB 4559 1521 89
NB 4559 1522 76
NB 4559 1523 72
NB 4559 1524 74
NB 4559 1525 70
NB 4559 1526 67
NB 4559 1527 67
NB 4559 1528 67
NB 4559 1529 70
NB 4559 1530 70
NB 4559 1531 70
NB 4559 1532 67
NB 4559 1533 63
NB 4559 1534 61
NB 4559 1535 53
NB 4559 1536 52
NB 4559 1537 53
NB 4559 1538 52
NB 4559 1539 53
NB 4559 1540 53
NB 4559 1541 63
NB 4559 1542 59
NB 4559 1543 51
NB 4559 1544 49
NB 4559 1545 49
NB 4559 1546 50
NB 4559 1547 63
NB 4559 1548 59
NB 4559 1549 52
NB 4559 1550 55
NB 4559 1551 55
NB 4559 1552 49
NB 4559 1553 50
NB 4559 1554 37
NB 4559 1555 25
NB 4559 1556 29
NB 4559 1557 22
NB 4559 1558 20
NB 4559 1559 10
NB 4559 1560 9
NB 4559 1561 11
NB 4559 1562 10
NB 4559 1563 14
NB 4559 1600 110
NB 4559 1601 117
NB 4559 1602 109
NB 4559 1603 113
NB 4559 1604 113
NB 4559 1605 103
NB 4559 1606 105
NB 4559 1607 96
NB 4559 1608 92
NB 4559 1609 83
NB 4559 1610 79
NB 4559 1611 81
NB 4559 1612 84
NB 4559 1613 85
NB 4559 1614 87
NB 4559 1615 90
NB 4559 1616 89
NB 4559 1617 82
NB 4559 1618 82
NB 4559 1619 82
NB 4559 1620 95
NB 4559 1621 105
NB 4559 1622 89
NB 4559 1623 75
NB 4559 1624 72
NB 4559 1625 70
NB 4559 1626 68
NB 4559 1627 69
NB 4559 1628 71
NB 4559 1629 71
NB 4559 1630 71
NB 4559 1631 65
NB 4559 1632 64
NB 4559 1633 70
NB 4559 1634 69
NB 4559 1635 72
NB 4559 1636 53
NB 4559 1637 53
NB 4559 1638 57
NB 4559 1639 67
NB 4559 1640 67
NB 4559 1641 64
NB 4559 1642 48
NB 4559 1643 55
NB 4559 1644 57
NB 4559 1645 52
NB 4559 1646 49
NB 4559 1647 54
NB 4559 1648 50
NB 4559 1649 50
NB 4559 1650 62
NB 4559 1651 52
NB 4559 1652 49
NB 4559 1653 46
NB 4559 1654 44
NB 4559 1655 35
NB 4559 1656 56
NB 4559 1657 17
NB 4559 1658 15
NB 4559 1659 18
NB 4559 1660 17
NB 4559 1661 12
NB 4559 1662 10
NB 4559 1663 12
NB 4559 1700 120
NB 4559 1701 119
NB 4559 1702 116
NB 4559 1703 124
NB 4559 1704 119
NB 4559 1705 110
NB 4559 1706 95
NB 4559 1707 90
NB 4559 1708 84
NB 4559 1709 82
NB 4559 1710 82
NB 4559 1711 82
NB 4559 1712 84
NB 4559 1713 87
NB 4559 1714 88
NB 4559 1715 90
NB 4559 1716 92
NB 4559 1717 89
NB 4559 1718 77
NB 4559 1719 87
NB 4559 1720 87
NB 4559 1721 81
NB 4559 1722 64
NB 4559 1723 64
NB 4559 1724 64
NB 4559 1725 69
NB 4559 1726 69
NB 4559 1727 71
NB 4559 1728 72
NB 4559 1729 73
NB 4559 1730 72
NB 4559 1731 62
NB 4559 1732 66
NB 4559 1733 75
NB 4559 1734 72
NB 4559 1735 68
NB 4559 1736 54
NB 4559 1737 54
NB 4559 1738 67
NB 4559 1739 72
NB 4559 1740 63
NB 4559 1741 47
NB 4559 1742 47
NB 4559 1743 49
NB 4559 1744 65
NB 4559 1745 62
NB 4559 1746 58
NB 4559 1747 61
NB 4559 1748 55
NB 4559 1749 58
NB 4559 1750 57
NB 4559 1751 71
NB 4559 1752 46
NB 4559 1753 42
NB 4559 1754 37
NB 4559 1755 19
NB 4559 1756 14
NB 4559 1757 15
NB 4559 1758 16
NB 4559 1759 18
NB 4559 1760 13
NB 4559 1761 23
NB 4559 1762 31
NB 4559 1763 12
NB 4559 1800 110
NB 4559 1801 123
NB 4559 1802 130
NB 4559 1803 141
NB 4559 1804 130
NB 4559 1805 117
NB 4559 1806 110
NB 4559 1807 97
NB 4559 1808 93
NB 4559 1809 93
NB 4559 1810 87
NB 4559 1811 83
NB 4559 1812 84
NB 4559 1813 92
NB 4559 1814 91
NB 4559 1815 92
NB 4559 1816 93
NB 4559 1817 93
NB 4559 1818 92
NB 4559 1819 85
NB 4559 1820 81
NB 4559 1821 61
NB 4559 1822 61
NB 4559 1823 68
NB 4559 1824 65
NB 4559 1825 61
NB 4559 1826 62
NB 4559 1827 71
NB 4559 1828 67
NB 4559 1829 73
NB 4559 1830 70
NB 4559 1831 72
NB 4559 1832 65
NB 4559 1833 64
NB 4559 1834 72
NB 4559 1835 66
NB 4559 1836 67
NB 4559 1837 64
NB 4559 1838 70
NB 4559 1839 65
NB 4559 1840 66
NB 4559 1841 47
NB 4559 1842 47
NB 4559 1843 47
NB 4559 1844 61
NB 4559 1845 56
NB 4559 1846 60
NB 4559 1847 47
NB 4559 1848 47
NB 4559 1849 52
NB 4559 1850 57
NB 4559 1851 50
NB 4559 1852 40
NB 4559 1853 25
NB 4559 1854 21
NB 4559 1855 30
NB 4559 1856 22
NB 4559 1857 16
NB 4559 1858 22
NB 4559 1859 18
NB 4559 1860 15
NB 4559 1861 27
NB 4559 1862 25
NB 4559 1863 12
NB 4559 1900 110
NB 4559 1901 115
NB 4559 1902 130
NB 4559 1903 147
NB 4559 1904 136
NB 4559 1905 128
NB 4559 1906 120
NB 4559 1907 97
NB 4559 1908 92
NB 4559 1909 97
NB 4559 1910 87
NB 4559 1911 84
NB 4559 1912 87
NB 4559 1913 94
NB 4559 1914 94
NB 4559 1915 95
NB 4559 1916 95
NB 4559 1917 90
NB 4559 1918 101
NB 4559 1919 64
NB 4559 1920 61
NB 4559 1921 61
NB 4559 1922 61
NB 4559 1923 61
NB 4559 1924 61
NB 4559 1925 61
NB 4559 1926 61
NB 4559 1927 61
NB 4559 1928 61
NB 4559 1929 61
NB 4559 1930 62
NB 4559 1931 63
NB 4559 1932 61
NB 4559 1933 61
NB 4559 1934 63
NB 4559 1935 69
NB 4559 1936 68
NB 4559 1937 66
NB 4559 1938 67
NB 4559 1939 65
NB 4559 1940 71
NB 4559 1941 47
NB 4559 1942 47
NB 4559 1943 47
NB 4559 1944 47
NB 4559 1945 47
NB 4559 1946 47
NB 4559 1947 61
NB 4559 1948 47
NB 4559 1949 58
NB 4559 1950 66
NB 4559 1951 42
NB 4559 1952 31
NB 4559 1953 30
NB 4559 1954 34
NB 4559 1955 32
NB 4559 1956 25
NB 4559 1957 20
NB 4559 1958 20
NB 4559 1959 34
NB 4559 1960 20
NB 4559 1961 18
NB 4559 1962 25
NB 4559 1963 23
NB 4559 2000 100
NB 4559 2001 115
NB 4559 2002 124
NB 4559 2003 139
NB 4559 2004 139
NB 4559 2005 124
NB 4559 2006 111
NB 4559 2007 99
NB 4559 2008 101
NB 4559 2009 96
NB 4559 2010 87
NB 4559 2011 84
NB 4559 2012 87
NB 4559 2013 90
NB 4559 2014 94
NB 4559 2015 97
NB 4559 2016 98
NB 4559 2017 94
NB 4559 2018 79
NB 4559 2019 61
NB 4559 2020 81
NB 4559 2021 93
NB 4559 2022 75
NB 4559 2023 61
NB 4559 2024 61
NB 4559 2025 61
NB 4559 2026 61
NB 4559 2027 61
NB 4559 2028 61
NB 4559 2029 61
NB 4559 2030 61
NB 4559 2031 61
NB 4559 2032 61
NB 4559 2033 64
NB 4559 2034 66
NB 4559 2035 69
NB 4559 2036 67
NB 4559 2037 67
NB 4559 2038 71
NB 4559 2039 70
NB 4559 2040 72
NB 4559 2041 55
NB 4559 2042 50
NB 4559 2043 50
NB 4559 2044 55
NB 4559 2045 58
NB 4559 2046 49
NB 4559 2047 47
NB 4559 2048 50
NB 4559 2049 60
NB 4559 2050 65
NB 4559 2051 35
NB 4559 2052 35
NB 4559 2053 70
NB 4559 2054 37
NB 4559 2055 53
NB 4559 2056 49
NB 4559 2057 36
NB 4559 2058 32
NB 4559 2059 20
NB 4559 2060 21
NB 4559 2061 25
NB 4559 2062 25
NB 4559 2063 30
NB 4559 2100 100
NB 4559 2101 100
NB 4559 2102 106
NB 4559 2103 119
NB 4559 2104 115
NB 4559 2105 112
NB 4559 2106 105
NB 4559 2107 111
NB 4559 2108 97
NB 4559 2109 85
NB 4559 2110 85
NB 4559 2111 85
NB 4559 2112 88
NB 4559 2113 90
NB 4559 2114 92
NB 4559 2115 100
NB 4559 2116 109
NB 4559 2117 104
NB 4559 2118 100
NB 4559 2119 100
NB 4559 2120 85
NB 4559 2121 100
NB 4559 2122 95
NB 4559 2123 80
NB 4559 2124 62
NB 4559 2125 61
NB 4559 2126 61
NB 4559 2127 61
NB 4559 2128 61
NB 4559 2129 65
NB 4559 2130 61
NB 4559 2131 61
NB 4559 2132 61
NB 4559 2133 75
NB 4559 2134 86
NB 4559 2135 81
NB 4559 2136 70
NB 4559 2137 70
NB 4559 2138 70
NB 4559 2139 74
NB 4559 2140 57
NB 4559 2141 75
NB 4559 2142 51
NB 4559 2143 53
NB 4559 2144 60
NB 4559 2145 55
NB 4559 2146 59
NB 4559 2147 47
NB 4559 2148 47
NB 4559 2149 57
NB 4559 2150 62
NB 4559 2151 33
NB 4559 2152 52
NB 4559 2153 61
NB 4559 2154 51
NB 4559 2155 68
NB 4559 2156 58
NB 4559 2157 40
NB 4559 2158 41
NB 4559 2159 35
NB 4559 2160 32
NB 4559 2161 26
NB 4559 2162 26
NB 4559 2163 42
NB 4559 2200 95
NB 4559 2201 93
NB 4559 2202 94
NB 4559 2203 112
NB 4559 2204 117
NB 4559 2205 110
NB 4559 2206 89
NB 4559 2207 101
NB 4559 2208 89
NB 4559 2209 87
NB 4559 2210 82
NB 4559 2211 85
NB 4559 2212 87
NB 4559 2213 89
NB 4559 2214 90
NB 4559 2215 97
NB 4559 2216 102
NB 4559 2217 92
NB 4559 2218 100
NB 4559 2219 99
NB 4559 2220 100
NB 4559 2221 100
NB 4559 2222 97
NB 4559 2223 95
NB 4559 2224 100
NB 4559 2225 77
NB 4559 2226 61
NB 4559 2227 61
NB 4559 2228 65
NB 4559 2229 76
NB 4559 2230 71
NB 4559 2231 72
NB 4559 2232 73
NB 4559 2233 82
NB 4559 2234 74
NB 4559 2235 72
NB 4559 2236 72
NB 4559 2237 70
NB 4559 2238 62
NB 4559 2239 69
NB 4559 2240 76
NB 4559 2241 77
NB 4559 2242 54
NB 4559 2243 55
NB 4559 2244 58
NB 4559 2245 65
NB 4559 2246 69
NB 4559 2247 62
NB 4559 2248 48
NB 4559 2249 49
NB 4559 2250 45
NB 4559 2251 37
NB 4559 2252 47
NB 4559 2253 42
NB 4559 2254 46
NB 4559 2255 49
NB 4559 2256 43
NB 4559 2257 44
NB 4559 2258 42
NB 4559 2259 42
NB 4559 2260 43
NB 4559 2261 35
NB 4559 2262 28
NB 4559 2263 35
NB 4559 2300 90
NB 4559 2301 94
NB 4559 2302 87
NB 4559 2303 106
NB 4559 2304 115
NB 4559 2305 110
NB 4559 2306 87
NB 4559 2307 82
NB 4559 2308 82
NB 4559 2309 81
NB 4559 2310 80
NB 4559 2311 83
NB 4559 2312 85
NB 4559 2313 86
NB 4559 2314 90
NB 4559 2315 98
NB 4559 2316 99
NB 4559 2317 86
NB 4559 2318 97
NB 4559 2319 97
NB 4559 2320 97
NB 4559 2321 100
NB 4559 2322 94
NB 4559 2323 97
NB 4559 2324 100
NB 4559 2325 80
NB 4559 2326 80
NB 4559 2327 80
NB 4559 2328 61
NB 4559 2329 61
NB 4559 2330 63
NB 4559 2331 63
NB 4559 2332 73
NB 4559 2333 76
NB 4559 2334 62
NB 4559 2335 63
NB 4559 2336 62
NB 4559 2337 73
NB 4559 2338 62
NB 4559 2339 75
NB 4559 2340 77
NB 4559 2341 72
NB 4559 2342 53
NB 4559 2343 60
NB 4559 2344 57
NB 4559 2345 62
NB 4559 2346 56
NB 4559 2347 56
NB 4559 2348 52
NB 4559 2349 52
NB 4559 2350 39
NB 4559 2351 45
NB 4559 2352 47
NB 4559 2353 47
NB 4559 2354 38
NB 4559 2355 42
NB 4559 2356 38
NB 4559 2357 52
NB 4559 2358 32
NB 4559 2359 39
NB 4559 2360 30
NB 4559 2361 37
NB 4559 2362 29
NB 4559 2363 24
NB 4559 2400 90
NB 4559 2401 96
NB 4559 2402 86
NB 4559 2403 100
NB 4559 2404 99
NB 4559 2405 95
NB 4559 2406 83
NB 4559 2407 77
NB 4559 2408 79
NB 4559 2409 80
NB 4559 2410 83
NB 4559 2411 85
NB 4559 2412 86
NB 4559 2413 86
NB 4559 2414 95
NB 4559 2415 101
NB 4559 2416 102
NB 4559 2417 87
NB 4559 2418 87
NB 4559 2419 95
NB 4559 2420 94
NB 4559 2421 100
NB 4559 2422 96
NB 4559 2423 98
NB 4559 2424 97
NB 4559 2425 85
NB 4559 2426 61
NB 4559 2427 83
NB 4559 2428 61
NB 4559 2429 61
NB 4559 2430 63
NB 4559 2431 66
NB 4559 2432 64
NB 4559 2433 62
NB 4559 2434 62
NB 4559 2435 62
NB 4559 2436 70
NB 4559 2437 69
NB 4559 2438 65
NB 4559 2439 75
NB 4559 2440 75
NB 4559 2441 67
NB 4559 2442 59
NB 4559 2443 63
NB 4559 2444 61
NB 4559 2445 62
NB 4559 2446 70
NB 4559 2447 64
NB 4559 2448 65
NB 4559 2449 55
NB 4559 2450 50
NB 4559 2451 45
NB 4559 2452 40
NB 4559 2453 51
NB 4559 2454 45
NB 4559 2455 45
NB 4559 2456 36
NB 4559 2457 29
NB 4559 2458 40
NB 4559 2459 27
NB 4559 2460 30
NB 4559 2461 24
NB 4559 2462 24
NB 4559 2463 37
NB 4559 2500 90
NB 4559 2501 91
NB 4559 2502 79
NB 4559 2503 87
NB 4559 2504 100
NB 4559 2505 81
NB 4559 2506 83
NB 4559 2507 74
NB 4559 2508 75
NB 4559 2509 79
NB 4559 2510 82
NB 4559 2511 99
NB 4559 2512 87
NB 4559 2513 90
NB 4559 2514 87
NB 4559 2515 95
NB 4559 2516 107
NB 4559 2517 90
NB 4559 2518 87
NB 4559 2519 92
NB 4559 2520 97
NB 4559 2521 99
NB 4559 2522 102
NB 4559 2523 100
NB 4559 2524 107
NB 4559 2525 83
NB 4559 2526 72
NB 4559 2527 77
NB 4559 2528 82
NB 4559 2529 82
NB 4559 2530 76
NB 4559 2531 85
NB 4559 2532 87
NB 4559 2533 80
NB 4559 2534 65
NB 4559 2535 69
NB 4559 2536 64
NB 4559 2537 70
NB 4559 2538 69
NB 4559 2539 77
NB 4559 2540 79
NB 4559 2541 71
NB 4559 2542 58
NB 4559 2543 68
NB 4559 2544 67
NB 4559 2545 75
NB 4559 2546 68
NB 4559 2547 73
NB 4559 2548 77
NB 4559 2549 80
NB 4559 2550 53
NB 4559 2551 49
NB 4559 2552 47
NB 4559 2553 44
NB 4559 2554 47
NB 4559 2555 50
NB 4559 2556 50
NB 4559 2557 35
NB 4559 2558 47
NB 4559 2559 35
NB 4559 2560 25
NB 4559 2561 23
NB 4559 2562 23
NB 4559 2563 32
NB 4559 2600 95
NB 4559 2601 98
NB 4559 2602 90
NB 4559 2603 83
NB 4559 2604 87
NB 4559 2605 75
NB 4559 2606 73
NB 4559 2607 75
NB 4559 2608 75
NB 4559 2609 81
NB 4559 2610 87
NB 4559 2611 90
NB 4559 2612 84
NB 4559 2613 80
NB 4559 2614 82
NB 4559 2615 100
NB 4559 2616 105
NB 4559 2617 98
NB 4559 2618 95
NB 4559 2619 95
NB 4559 2620 95
NB 4559 2621 100
NB 4559 2622 95
NB 4559 2623 95
NB 4559 2624 90
NB 4559 2625 99
NB 4559 2626 69
NB 4559 2627 79
NB 4559 2628 81
NB 4559 2629 84
NB 4559 2630 82
NB 4559 2631 84
NB 4559 2632 90
NB 4559 2633 75
NB 4559 2634 73
NB 4559 2635 70
NB 4559 2636 70
NB 4559 2637 70
NB 4559 2638 74
NB 4559 2639 74
NB 4559 2640 71
NB 4559 2641 74
NB 4559 2642 61
NB 4559 2643 61
NB 4559 2644 60
NB 4559 2645 63
NB 4559 2646 77
NB 4559 2647 80
NB 4559 2648 79
NB 4559 2649 66
NB 4559 2650 76
NB 4559 2651 62
NB 4559 2652 70
NB 4559 2653 65
NB 4559 2654 62
NB 4559 2655 37
NB 4559 2656 58
NB 4559 2657 39
NB 4559 2658 37
NB 4559 2659 32
NB 4559 2660 34
NB 4559 2661 26
NB 4559 2662 27
NB 4559 2663 24
NB 4559 2700 90
NB 4559 2701 91
NB 4559 2702 79
NB 4559 2703 73
NB 4559 2704 73
NB 4559 2705 72
NB 4559 2706 73
NB 4559 2707 77
NB 4559 2708 81
NB 4559 2709 77
NB 4559 2710 85
NB 4559 2711 83
NB 4559 2712 73
NB 4559 2713 82
NB 4559 2714 84
NB 4559 2715 91
NB 4559 2716 100
NB 4559 2717 115
NB 4559 2718 102
NB 4559 2719 103
NB 4559 2720 97
NB 4559 2721 107
NB 4559 2722 105
NB 4559 2723 98
NB 4559 2724 75
NB 4559 2725 82
NB 4559 2726 65
NB 4559 2727 75
NB 4559 2728 82
NB 4559 2729 85
NB 4559 2730 82
NB 4559 2731 73
NB 4559 2732 80
NB 4559 2733 72
NB 4559 2734 68
NB 4559 2735 72
NB 4559 2736 68
NB 4559 2737 71
NB 4559 2738 75
NB 4559 2739 75
NB 4559 2740 69
NB 4559 2741 75
NB 4559 2742 72
NB 4559 2743 64
NB 4559 2744 60
NB 4559 2745 66
NB 4559 2746 75
NB 4559 2747 72
NB 4559 2748 85
NB 4559 2749 85
NB 4559 2750 78
NB 4559 2751 77
NB 4559 2752 57
NB 4559 2753 50
NB 4559 2754 55
NB 4559 2755 57
NB 4559 2756 32
NB 4559 2757 29
NB 4559 2758 32
NB 4559 2759 32
NB 4559 2760 32
NB 4559 2761 28
NB 4559 2762 34
NB 4559 2763 34
NB 4559 2800 85
NB 4559 2801 82
NB 4559 2802 73
NB 4559 2803 71
NB 4559 2804 72
NB 4559 2805 71
NB 4559 2806 78
NB 4559 2807 80
NB 4559 2808 82
NB 4559 2809 79
NB 4559 2810 82
NB 4559 2811 72
NB 4559 2812 68
NB 4559 2813 72
NB 4559 2814 74
NB 4559 2815 90
NB 4559 2816 101
NB 4559 2817 112
NB 4559 2818 109
NB 4559 2819 107
NB 4559 2820 100
NB 4559 2821 94
NB 4559 2822 107
NB 4559 2823 93
NB 4559 2824 70
NB 4559 2825 81
NB 4559 2826 62
NB 4559 2827 61
NB 4559 2828 74
NB 4559 2829 75
NB 4559 2830 65
NB 4559 2831 72
NB 4559 2832 73
NB 4559 2833 72
NB 4559 2834 71
NB 4559 2835 67
NB 4559 2836 73
NB 4559 2837 75
NB 4559 2838 79
NB 4559 2839 68
NB 4559 2840 62
NB 4559 2841 74
NB 4559 2842 65
NB 4559 2843 65
NB 4559 2844 66
NB 4559 2845 59
NB 4559 2846 69
NB 4559 2847 80
NB 4559 2848 76
NB 4559 2849 81
NB 4559 2850 75
NB 4559 2851 76
NB 4559 2852 77
NB 4559 2853 78
NB 4559 2854 67
NB 4559 2855 50
NB 4559 2856 52
NB 4559 2857 32
NB 4559 2858 32
NB 4559 2859 30
NB 4559 2860 29
NB 4559 2861 26
NB 4559 2862 34
NB 4559 2863 35
NB 4559 2900 80
NB 4559 2901 72
NB 4559 2902 71
NB 4559 2903 70
NB 4559 2904 71
NB 4559 2905 75
NB 4559 2906 80
NB 4559 2907 83
NB 4559 2908 83
NB 4559 2909 72
NB 4559 2910 68
NB 4559 2911 68
NB 4559 2912 69
NB 4559 2913 71
NB 4559 2914 75
NB 4559 2915 87
NB 4559 2916 92
NB 4559 2917 97
NB 4559 2918 102
NB 4559 2919 112
NB 4559 2920 97
NB 4559 2921 87
NB 4559 2922 95
NB 4559 2923 84
NB 4559 2924 67
NB 4559 2925 70
NB 4559 2926 87
NB 4559 2927 78
NB 4559 2928 61
NB 4559 2929 61
NB 4559 2930 61
NB 4559 2931 67
NB 4559 2932 70
NB 4559 2933 71
NB 4559 2934 70
NB 4559 2935 67
NB 4559 2936 72
NB 4559 2937 79
NB 4559 2938 74
NB 4559 2939 62
NB 4559 2940 60
NB 4559 2941 67
NB 4559 2942 60
NB 4559 2943 74
NB 4559 2944 67
NB 4559 2945 69
NB 4559 2946 69
NB 4559 2947 64
NB 4559 2948 70
NB 4559 2949 61
NB 4559 2950 80
NB 4559 2951 72
NB 4559 2952 79
NB 4559 2953 71
NB 4559 2954 76
NB 4559 2955 66
NB 4559 2956 45
NB 4559 2957 40
NB 4559 2958 37
NB 4559 2959 36
NB 4559 2960 24
NB 4559 2961 24
NB 4559 2962 30
NB 4559 2963 31
NB 4559 3000 75
NB 4559 3001 69
NB 4559 3002 69
NB 4559 3003 72
NB 4559 3004 74
NB 4559 3005 79
NB 4559 3006 80
NB 4559 3007 85
NB 4559 3008 84
NB 4559 3009 71
NB 4559 3010 69
NB 4559 3011 68
NB 4559 3012 72
NB 4559 3013 77
NB 4559 3014 71
NB 4559 3015 84
NB 4559 3016 87
NB 4559 3017 102
NB 4559 3018 103
NB 4559 3019 84
NB 4559 3020 80
NB 4559 3021 73
NB 4559 3022 74
NB 4559 3023 68
NB 4559 3024 69
NB 4559 3025 82
NB 4559 3026 92
NB 4559 3027 79
NB 4559 3028 63
NB 4559 3029 62
NB 4559 3030 61
NB 4559 3031 61
NB 4559 3032 77
NB 4559 3033 70
NB 4559 3034 65
NB 4559 3035 66
NB 4559 3036 77
NB 4559 3037 71
NB 4559 3038 70
NB 4559 3039 62
NB 4559 3040 59
NB 4559 3041 59
NB 4559 3042 63
NB 4559 3043 73
NB 4559 3044 67
NB 4559 3045 72
NB 4559 3046 68
NB 4559 3047 65
NB 4559 3048 50
NB 4559 3049 83
NB 4559 3050 83
NB 4559 3051 92
NB 4559 3052 82
NB 4559 3053 90
NB 4559 3054 83
NB 4559 3055 78
NB 4559 3056 65
NB 4559 3057 38
NB 4559 3058 41
NB 4559 3059 30
NB 4559 3060 30
NB 4559 3061 27
NB 4559 3062 28
NB 4559 3063 35
NB 4559 3100 69
NB 4559 3101 69
NB 4559 3102 69
NB 4559 3103 74
NB 4559 3104 80
NB 4559 3105 77
NB 4559 3106 80
NB 4559 3107 75
NB 4559 3108 70
NB 4559 3109 70
NB 4559 3110 69
NB 4559 3111 69
NB 4559 3112 71
NB 4559 3113 75
NB 4559 3114 72
NB 4559 3115 77
NB 4559 3116 80
NB 4559 3117 82
NB 4559 3118 76
NB 4559 3119 90
NB 4559 3120 97
NB 4559 3121 82
NB 4559 3122 74
NB 4559 3123 75
NB 4559 3124 79
NB 4559 3125 80
NB 4559 3126 85
NB 4559 3127 74
NB 4559 3128 67
NB 4559 3129 64
NB 4559 3130 61
NB 4559 3131 61
NB 4559 3132 61
NB 4559 3133 65
NB 4559 3134 71
NB 4559 3135 68
NB 4559 3136 74
NB 4559 3137 77
NB 4559 3138 76
NB 4559 3139 62
NB 4559 3140 67
NB 4559 3141 68
NB 4559 3142 70
NB 4559 3143 74
NB 4559 3144 82
NB 4559 3145 95
NB 4559 3146 81
NB 4559 3147 74
NB 4559 3148 40
NB 4559 3149 67
NB 4559 3150 95
NB 4559 3151 87
NB 4559 3152 98
NB 4559 3153 84
NB 4559 3154 82
NB 4559 3155 80
NB 4559 3156 61
NB 4559 3157 49
NB 4559 3158 41
NB 4559 3159 36
NB 4559 3160 29
NB 4559 3161 28
NB 4559 3162 24
NB 4559 3163 43
NB 4559 3200 70
NB 4559 3201 71
NB 4559 3202 75
NB 4559 3203 77
NB 4559 3204 79
NB 4559 3205 80
NB 4559 3206 84
NB 4559 3207 69
NB 4559 3208 69
NB 4559 3209 77
NB 4559 3210 76
NB 4559 3211 78
NB 4559 3212 77
NB 4559 3213 79
NB 4559 3214 75
NB 4559 3215 77
NB 4559 3216 79
NB 4559 3217 77
NB 4559 3218 74
NB 4559 3219 78
NB 4559 3220 85
NB 4559 3221 89
NB 4559 3222 78
NB 4559 3223 80
NB 4559 3224 79
NB 4559 3225 85
NB 4559 3226 82
NB 4559 3227 72
NB 4559 3228 76
NB 4559 3229 74
NB 4559 3230 61
NB 4559 3231 61
NB 4559 3232 61
NB 4559 3233 64
NB 4559 3234 73
NB 4559 3235 74
NB 4559 3236 76
NB 4559 3237 70
NB 4559 3238 73
NB 4559 3239 70
NB 4559 3240 70
NB 4559 3241 67
NB 4559 3242 84
NB 4559 3243 89
NB 4559 3244 68
NB 4559 3245 85
NB 4559 3246 93
NB 4559 3247 65
NB 4559 3248 34
NB 4559 3249 57
NB 4559 3250 73
NB 4559 3251 77
NB 4559 3252 94
NB 4559 3253 91
NB 4559 3254 86
NB 4559 3255 87
NB 4559 3256 81
NB 4559 3257 56
NB 4559 3258 48
NB 4559 3259 40
NB 4559 3260 43
NB 4559 3261 35
NB 4559 3262 29
NB 4559 3263 50
NB 4559 3300 75
NB 4559 3301 75
NB 4559 3302 91
NB 4559 3303 94
NB 4559 3304 80
NB 4559 3305 82
NB 4559 3306 68
NB 4559 3307 71
NB 4559 3308 74
NB 4559 3309 79
NB 4559 3310 75
NB 4559 3311 75
NB 4559 3312 72
NB 4559 3313 79
NB 4559 3314 72
NB 4559 3315 76
NB 4559 3316 76
NB 4559 3317 75
NB 4559 3318 74
NB 4559 3319 75
NB 4559 3320 74
NB 4559 3321 76
NB 4559 3322 75
NB 4559 3323 87
NB 4559 3324 90
NB 4559 3325 83
NB 4559 3326 80
NB 4559 3327 76
NB 4559 3328 84
NB 4559 3329 67
NB 4559 3330 61
NB 4559 3331 61
NB 4559 3332 62
NB 4559 3333 70
NB 4559 3334 73
NB 4559 3335 74
NB 4559 3336 69
NB 4559 3337 64
NB 4559 3338 68
NB 4559 3339 62
NB 4559 3340 74
NB 4559 3341 80
NB 4559 3342 82
NB 4559 3343 83
NB 4559 3344 80
NB 4559 3345 70
NB 4559 3346 64
NB 4559 3347 40
NB 4559 3348 28
NB 4559 3349 34
NB 4559 3350 49
NB 4559 3351 60
NB 4559 3352 89
NB 4559 3353 81
NB 4559 3354 86
NB 4559 3355 78
NB 4559 3356 70
NB 4559 3357 70
NB 4559 3358 52
NB 4559 3359 47
NB 4559 3360 42
NB 4559 3361 40
NB 4559 3362 33
NB 4559 3363 42
NB 4559 3400 75
NB 4559 3401 77
NB 4559 3402 82
NB 4559 3403 89
NB 4559 3404 88
NB 4559 3405 72
NB 4559 3406 65
NB 4559 3407 67
NB 4559 3408 67
NB 4559 3409 70
NB 4559 3410 68
NB 4559 3411 68
NB 4559 3412 76
NB 4559 3413 77
NB 4559 3414 77
NB 4559 3415 86
NB 4559 3416 73
NB 4559 3417 74
NB 4559 3418 75
NB 4559 3419 77
NB 4559 3420 72
NB 4559 3421 76
NB 4559 3422 79
NB 4559 3423 91
NB 4559 3424 92
NB 4559 3425 84
NB 4559 3426 84
NB 4559 3427 87
NB 4559 3428 66
NB 4559 3429 62
NB 4559 3430 62
NB 4559 3431 62
NB 4559 3432 62
NB 4559 3433 75
NB 4559 3434 70
NB 4559 3435 67
NB 4559 3436 62
NB 4559 3437 70
NB 4559 3438 65
NB 4559 3439 70
NB 4559 3440 62
NB 4559 3441 68
NB 4559 3442 82
NB 4559 3443 83
NB 4559 3444 70
NB 4559 3445 67
NB 4559 3446 37
NB 4559 3447 15
NB 4559 3448 18
NB 4559 3449 23
NB 4559 3450 19
NB 4559 3451 60
NB 4559 3452 76
NB 4559 3453 82
NB 4559 3454 70
NB 4559 3455 69
NB 4559 3456 53
NB 4559 3457 60
NB 4559 3458 45
NB 4559 3459 50
NB 4559 3460 49
NB 4559 3461 55
NB 4559 3462 58
NB 4559 3463 57
NB 4559 3500 76
NB 4559 3501 78
NB 4559 3502 87
NB 4559 3503 77
NB 4559 3504 85
NB 4559 3505 72
NB 4559 3506 65
NB 4559 3507 69
NB 4559 3508 71
NB 4559 3509 67
NB 4559 3510 72
NB 4559 3511 72
NB 4559 3512 71
NB 4559 3513 77
NB 4559 3514 81
NB 4559 3515 82
NB 4559 3516 91
NB 4559 3517 77
NB 4559 3518 75
NB 4559 3519 80
NB 4559 3520 80
NB 4559 3521 80
NB 4559 3522 85
NB 4559 3523 89
NB 4559 3524 88
NB 4559 3525 82
NB 4559 3526 79
NB 4559 3527 87
NB 4559 3528 62
NB 4559 3529 62
NB 4559 3530 62
NB 4559 3531 62
NB 4559 3532 71
NB 4559 3533 62
NB 4559 3534 63
NB 4559 3535 70
NB 4559 3536 71
NB 4559 3537 67
NB 4559 3538 81
NB 4559 3539 69
NB 4559 3540 62
NB 4559 3541 72
NB 4559 3542 67
NB 4559 3543 87
NB 4559 3544 64
NB 4559 3545 71
NB 4559 3546 62
NB 4559 3547 27
NB 4559 3548 30
NB 4559 3549 14
NB 4559 3550 32
NB 4559 3551 40
NB 4559 3552 65
NB 4559 3553 60
NB 4559 3554 66
NB 4559 3555 65
NB 4559 3556 63
NB 4559 3557 45
NB 4559 3558 34
NB 4559 3559 55
NB 4559 3560 58
NB 4559 3561 63
NB 4559 3562 61
NB 4559 3563 85
NB 4559 3600 75
NB 4559 3601 77
NB 4559 3602 75
NB 4559 3603 77
NB 4559 3604 79
NB 4559 3605 75
NB 4559 3606 65
NB 4559 3607 73
NB 4559 3608 66
NB 4559 3609 67
NB 4559 3610 74
NB 4559 3611 76
NB 4559 3612 80
NB 4559 3613 80
NB 4559 3614 72
NB 4559 3615 92
NB 4559 3616 97
NB 4559 3617 84
NB 4559 3618 70
NB 4559 3619 64
NB 4559 3620 77
NB 4559 3621 82
NB 4559 3622 82
NB 4559 3623 81
NB 4559 3624 82
NB 4559 3625 84
NB 4559 3626 85
NB 4559 3627 77
NB 4559 3628 65
NB 4559 3629 61
NB 4559 3630 62
NB 4559 3631 64
NB 4559 3632 70
NB 4559 3633 64
NB 4559 3634 62
NB 4559 3635 72
NB 4559 3636 72
NB 4559 3637 72
NB 4559 3638 70
NB 4559 3639 76
NB 4559 3640 88
NB 4559 3641 75
NB 4559 3642 75
NB 4559 3643 80
NB 4559 3644 72
NB 4559 3645 77
NB 4559 3646 62
NB 4559 3647 12
NB 4559 3648 5
NB 4559 3649 6
NB 4559 3650 7
NB 4559 3651 43
NB 4559 3652 50
NB 4559 3653 53
NB 4559 3654 50
NB 4559 3655 57
NB 4559 3656 56
NB 4559 3657 56
NB 4559 3658 55
NB 4559 3659 21
NB 4559 3660 35
NB 4559 3661 42
NB 4559 3662 75
NB 4559 3663 52
NB 4559 3700 82
NB 4559 3701 80
NB 4559 3702 81
NB 4559 3703 85
NB 4559 3704 80
NB 4559 3705 74
NB 4559 3706 70
NB 4559 3707 70
NB 4559 3708 70
NB 4559 3709 64
NB 4559 3710 79
NB 4559 3711 87
NB 4559 3712 86
NB 4559 3713 86
NB 4559 3714 67
NB 4559 3715 77
NB 4559 3716 80
NB 4559 3717 80
NB 4559 3718 82
NB 4559 3719 70
NB 4559 3720 68
NB 4559 3721 67
NB 4559 3722 65
NB 4559 3723 63
NB 4559 3724 72
NB 4559 3725 82
NB 4559 3726 89
NB 4559 3727 62
NB 4559 3728 62
NB 4559 3729 62
NB 4559 3730 62
NB 4559 3731 62
NB 4559 3732 62
NB 4559 3733 70
NB 4559 3734 68
NB 4559 3735 76
NB 4559 3736 70
NB 4559 3737 69
NB 4559 3738 71
NB 4559 3739 69
NB 4559 3740 78
NB 4559 3741 84
NB 4559 3742 116
NB 4559 3743 92
NB 4559 3744 70
NB 4559 3745 65
NB 4559 3746 55
NB 4559 3747 6
NB 4559 3748 7
NB 4559 3749 1
NB 4559 3750 2
NB 4559 3751 16
NB 4559 3752 37
NB 4559 3753 35
NB 4559 3754 49
NB 4559 3755 66
NB 4559 3756 62
NB 4559 3757 51
NB 4559 3758 57
NB 4559 3759 51
NB 4559 3760 9
NB 4559 3761 18
NB 4559 3762 13
NB 4559 3763 20
NB 4559 3800 81
NB 4559 3801 80
NB 4559 3802 84
NB 4559 3803 84
NB 4559 3804 75
NB 4559 3805 72
NB 4559 3806 66
NB 4559 3807 67
NB 4559 3808 66
NB 4559 3809 65
NB 4559 3810 67
NB 4559 3811 76
NB 4559 3812 89
NB 4559 3813 92
NB 4559 3814 75
NB 4559 3815 68
NB 4559 3816 77
NB 4559 3817 80
NB 4559 3818 75
NB 4559 3819 77
NB 4559 3820 74
NB 4559 3821 62
NB 4559 3822 62
NB 4559 3823 67
NB 4559 3824 77
NB 4559 3825 71
NB 4559 3826 69
NB 4559 3827 67
NB 4559 3828 65
NB 4559 3829 62
NB 4559 3830 62
NB 4559 3831 62
NB 4559 3832 62
NB 4559 3833 66
NB 4559 3834 74
NB 4559 3835 70
NB 4559 3836 67
NB 4559 3837 69
NB 4559 3838 72
NB 4559 3839 83
NB 4559 3840 87
NB 4559 3841 86
NB 4559 3842 87
NB 4559 3843 88
NB 4559 3844 67
NB 4559 3845 52
NB 4559 3846 38
NB 4559 3847 5
NB 4559 3848 12
NB 4559 3849 0
NB 4559 3850 0
NB 4559 3851 14
NB 4559 3852 10
NB 4559 3853 34
NB 4559 3854 60
NB 4559 3855 73
NB 4559 3856 67
NB 4559 3857 60
NB 4559 3858 56
NB 4559 3859 24
NB 4559 3860 17
NB 4559 3861 3
NB 4559 3862 2
NB 4559 3863 2
NB 4559 3900 72
NB 4559 3901 80
NB 4559 3902 72
NB 4559 3903 74
NB 4559 3904 66
NB 4559 3905 67
NB 4559 3906 65
NB 4559 3907 65
NB 4559 3908 65
NB 4559 3909 67
NB 4559 3910 72
NB 4559 3911 81
NB 4559 3912 99
NB 4559 3913 92
NB 4559 3914 75
NB 4559 3915 70
NB 4559 3916 65
NB 4559 3917 65
NB 4559 3918 79
NB 4559 3919 70
NB 4559 3920 74
NB 4559 3921 69
NB 4559 3922 62
NB 4559 3923 62
NB 4559 3924 62
NB 4559 3925 64
NB 4559 3926 69
NB 4559 3927 67
NB 4559 3928 62
NB 4559 3929 62
NB 4559 3930 62
NB 4559 3931 62
NB 4559 3932 62
NB 4559 3933 73
NB 4559 3934 79
NB 4559 3935 66
NB 4559 3936 71
NB 4559 3937 68
NB 4559 3938 75
NB 4559 3939 78
NB 4559 3940 80
NB 4559 3941 90
NB 4559 3942 87
NB 4559 3943 107
NB 4559 3944 74
NB 4559 3945 62
NB 4559 3946 21
NB 4559 3947 6
NB 4559 3948 7
NB 4559 3949 0
NB 4559 3950 0
NB 4559 3951 15
NB 4559 3952 19
NB 4559 3953 27
NB 4559 3954 37
NB 4559 3955 65
NB 4559 3956 76
NB 4559 3957 68
NB 4559 3958 54
NB 4559 3959 24
NB 4559 3960 17
NB 4559 3961 3
NB 4559 3962 2
NB 4559 3963 2
NB 4559 4000 72
NB 4559 4001 85
NB 4559 4002 78
NB 4559 4003 70
NB 4559 4004 69
NB 4559 4005 63
NB 4559 4006 65
NB 4559 4007 66
NB 4559 4008 67
NB 4559 4009 70
NB 4559 4010 72
NB 4559 4011 81
NB 4559 4012 82
NB 4559 4013 72
NB 4559 4014 71
NB 4559 4015 64
NB 4559 4016 67
NB 4559 4017 63
NB 4559 4018 73
NB 4559 4019 73
NB 4559 4020 72
NB 4559 4021 77
NB 4559 4022 65
NB 4559 4023 62
NB 4559 4024 62
NB 4559 4025 62
NB 4559 4026 67
NB 4559 4027 70
NB 4559 4028 62
NB 4559 4029 62
NB 4559 4030 62
NB 4559 4031 62
NB 4559 4032 64
NB 4559 4033 75
NB 4559 4034 72
NB 4559 4035 69
NB 4559 4036 81
NB 4559 4037 68
NB 4559 4038 70
NB 4559 4039 72
NB 4559 4040 85
NB 4559 4041 106
NB 4559 4042 110
NB 4559 4043 102
NB 4559 4044 67
NB 4559 4045 54
NB 4559 4046 40
NB 4559 4047 9
NB 4559 4048 8
NB 4559 4049 0
NB 4559 4050 0
NB 4559 4051 0
NB 4559 4052 24
NB 4559 4053 25
NB 4559 4054 29
NB 4559 4055 34
NB 4559 4056 68
NB 4559 4057 60
NB 4559 4058 50
NB 4559 4059 35
NB 4559 4060 18
NB 4559 4061 5
NB 4559 4062 5
NB 4559 4063 2
NB 4559 4100 73
NB 4559 4101 94
NB 4559 4102 75
NB 4559 4103 63
NB 4559 4104 73
NB 4559 4105 68
NB 4559 4106 65
NB 4559 4107 65
NB 4559 4108 65
NB 4559 4109 70
NB 4559 4110 71
NB 4559 4111 76
NB 4559 4112 78
NB 4559 4113 77
NB 4559 4114 72
NB 4559 4115 72
NB 4559 4116 66
NB 4559 4117 71
NB 4559 4118 66
NB 4559 4119 67
NB 4559 4120 69
NB 4559 4121 70
NB 4559 4122 63
NB 4559 4123 62
NB 4559 4124 62
NB 4559 4125 62
NB 4559 4126 62
NB 4559 4127 62
NB 4559 4128 69
NB 4559 4129 65
NB 4559 4130 62
NB 4559 4131 62
NB 4559 4132 75
NB 4559 4133 69
NB 4559 4134 75
NB 4559 4135 80
NB 4559 4136 80
NB 4559 4137 77
NB 4559 4138 75
NB 4559 4139 81
NB 4559 4140 82
NB 4559 4141 112
NB 4559 4142 110
NB 4559 4143 97
NB 4559 4144 70
NB 4559 4145 47
NB 4559 4146 44
NB 4559 4147 40
NB 4559 4148 18
NB 4559 4149 5
NB 4559 4150 1
NB 4559 4151 0
NB 4559 4152 0
NB 4559 4153 13
NB 4559 4154 12
NB 4559 4155 22
NB 4559 4156 40
NB 4559 4157 46
NB 4559 4158 47
NB 4559 4159 60
NB 4559 4160 43
NB 4559 4161 27
NB 4559 4162 8
NB 4559 4163 2
NB 4559 4200 71
NB 4559 4201 89
NB 4559 4202 77
NB 4559 4203 66
NB 4559 4204 63
NB 4559 4205 69
NB 4559 4206 66
NB 4559 4207 67
NB 4559 4208 72
NB 4559 4209 77
NB 4559 4210 74
NB 4559 4211 84
NB 4559 4212 72
NB 4559 4213 72
NB 4559 4214 73
NB 4559 4215 70
NB 4559 4216 67
NB 4559 4217 72
NB 4559 4218 63
NB 4559 4219 62
NB 4559 4220 62
NB 4559 4221 62
NB 4559 4222 62
NB 4559 4223 62
NB 4559 4224 62
NB 4559 4225 62
NB 4559 4226 62
NB 4559 4227 62
NB 4559 4228 62
NB 4559 4229 62
NB 4559 4230 67
NB 4559 4231 62
NB 4559 4232 71
NB 4559 4233 67
NB 4559 4234 72
NB 4559 4235 75
NB 4559 4236 72
NB 4559 4237 72
NB 4559 4238 78
NB 4559 4239 85
NB 4559 4240 91
NB 4559 4241 102
NB 4559 4242 97
NB 4559 4243 82
NB 4559 4244 66
NB 4559 4245 46
NB 4559 4246 58
NB 4559 4247 52
NB 4559 4248 34
NB 4559 4249 14
NB 4559 4250 30
NB 4559 4251 0
NB 4559 4252 0
NB 4559 4253 0
NB 4559 4254 0
NB 4559 4255 44
NB 4559 4256 75
NB 4559 4257 86
NB 4559 4258 78
NB 4559 4259 72
NB 4559 4260 49
NB 4559 4261 36
NB 4559 4262 31
NB 4559 4263 5
NB 4559 4300 80
NB 4559 4301 87
NB 4559 4302 73
NB 4559 4303 64
NB 4559 4304 67
NB 4559 4305 62
NB 4559 4306 66
NB 4559 4307 65
NB 4559 4308 68
NB 4559 4309 70
NB 4559 4310 70
NB 4559 4311 75
NB 4559 4312 75
NB 4559 4313 70
NB 4559 4314 70
NB 4559 4315 72
NB 4559 4316 66
NB 4559 4317 65
NB 4559 4318 62
NB 4559 4319 62
NB 4559 4320 62
NB 4559 4321 62
NB 4559 4322 62
NB 4559 4323 62
NB 4559 4324 62
NB 4559 4325 62
NB 4559 4326 62
NB 4559 4327 62
NB 4559 4328 62
NB 4559 4329 62
NB 4559 4330 62
NB 4559 4331 62
NB 4559 4332 65
NB 4559 4333 74
NB 4559 4334 80
NB 4559 4335 80
NB 4559 4336 77
NB 4559 4337 83
NB 4559 4338 85
NB 4559 4339 90
NB 4559 4340 105
NB 4559 4341 99
NB 4559 4342 85
NB 4559 4343 80
NB 4559 4344 57
NB 4559 4345 47
NB 4559 4346 47
NB 4559 4347 62
NB 4559 4348 28
NB 4559 4349 37
NB 4559 4350 47
NB 4559 4351 32
NB 4559 4352 16
NB 4559 4353 0
NB 4559 4354 0
NB 4559 4355 2
NB 4559 4356 64
NB 4559 4357 55
NB 4559 4358 77
NB 4559 4359 83
NB 4559 4360 53
NB 4559 4361 38
NB 4559 4362 36
NB 4559 4363 5
NB 4559 4400 70
NB 4559 4401 64
NB 4559 4402 77
NB 4559 4403 62
NB 4559 4404 72
NB 4559 4405 62
NB 4559 4406 69
NB 4559 4407 62
NB 4559 4408 66
NB 4559 4409 66
NB 4559 4410 69
NB 4559 4411 72
NB 4559 4412 66
NB 4559 4413 67
NB 4559 4414 70
NB 4559 4415 67
NB 4559 4416 68
NB 4559 4417 65
NB 4559 4418 62
NB 4559 4419 67
NB 4559 4420 62
NB 4559 4421 62
NB 4559 4422 62
NB 4559 4423 62
NB 4559 4424 62
NB 4559 4425 62
NB 4559 4426 62
NB 4559 4427 62
NB 4559 4428 65
NB 4559 4429 70
NB 4559 4430 74
NB 4559 4431 62
NB 4559 4432 62
NB 4559 4433 70
NB 4559 4434 74
NB 4559 4435 88
NB 4559 4436 93
NB 4559 4437 95
NB 4559 4438 98
NB 4559 4439 95
NB 4559 4440 100
NB 4559 4441 100
NB 4559 4442 75
NB 4559 4443 73
NB 4559 4444 58
NB 4559 4445 62
NB 4559 4446 48
NB 4559 4447 43
NB 4559 4448 55
NB 4559 4449 47
NB 4559 4450 31
NB 4559 4451 49
NB 4559 4452 15
NB 4559 4453 23
NB 4559 4454 6
NB 4559 4455 1
NB 4559 4456 3
NB 4559 4457 36
NB 4559 4458 38
NB 4559 4459 69
NB 4559 4460 50
NB 4559 4461 50
NB 4559 4462 50
NB 4559 4463 40
NB 4559 4500 70
NB 4559 4501 62
NB 4559 4502 69
NB 4559 4503 76
NB 4559 4504 71
NB 4559 4505 65
NB 4559 4506 65
NB 4559 4507 64
NB 4559 4508 67
NB 4559 4509 65
NB 4559 4510 69
NB 4559 4511 66
NB 4559 4512 62
NB 4559 4513 63
NB 4559 4514 65
NB 4559 4515 65
NB 4559 4516 68
NB 4559 4517 62
NB 4559 4518 62
NB 4559 4519 62
NB 4559 4520 62
NB 4559 4521 62
NB 4559 4522 62
NB 4559 4523 62
NB 4559 4524 62
NB 4559 4525 62
NB 4559 4526 62
NB 4559 4527 62
NB 4559 4528 67
NB 4559 4529 65
NB 4559 4530 75
NB 4559 4531 62
NB 4559 4532 62
NB 4559 4533 64
NB 4559 4534 78
NB 4559 4535 87
NB 4559 4536 89
NB 4559 4537 85
NB 4559 4538 83
NB 4559 4539 92
NB 4559 4540 92
NB 4559 4541 89
NB 4559 4542 79
NB 4559 4543 74
NB 4559 4544 57
NB 4559 4545 65
NB 4559 4546 60
NB 4559 4547 57
NB 4559 4548 57
NB 4559 4549 55
NB 4559 4550 45
NB 4559 4551 44
NB 4559 4552 26
NB 4559 4553 6
NB 4559 4554 23
NB 4559 4555 3
NB 4559 4556 1
NB 4559 4557 2
NB 4559 4558 7
NB 4559 4559 28
NB 4559 4560 37
NB 4559 4561 57
NB 4559 4562 62
NB 4559 4563 68
NB 4559 4600 81
NB 4559 4601 84
NB 4559 4602 65
NB 4559 4603 62
NB 4559 4604 62
NB 4559 4605 72
NB 4559 4606 62
NB 4559 4607 65
NB 4559 4608 66
NB 4559 4609 67
NB 4559 4610 63
NB 4559 4611 62
NB 4559 4612 62
NB 4559 4613 62
NB 4559 4614 62
NB 4559 4615 62
NB 4559 4616 62
NB 4559 4617 62
NB 4559 4618 62
NB 4559 4619 62
NB 4559 4620 62
NB 4559 4621 62
NB 4559 4622 62
NB 4559 4623 62
NB 4559 4624 62
NB 4559 4625 62
NB 4559 4626 62
NB 4559 4627 65
NB 4559 4628 62
NB 4559 4629 67
NB 4559 4630 62
NB 4559 4631 82
NB 4559 4632 77
NB 4559 4633 64
NB 4559 4634 75
NB 4559 4635 63
NB 4559 4636 77
NB 4559 4637 82
NB 4559 4638 86
NB 4559 4639 79
NB 4559 4640 95
NB 4559 4641 82
NB 4559 4642 85
NB 4559 4643 85
NB 4559 4644 75
NB 4559 4645 74
NB 4559 4646 63
NB 4559 4647 57
NB 4559 4648 48
NB 4559 4649 45
NB 4559 4650 56
NB 4559 4651 50
NB 4559 4652 24
NB 4559 4653 21
NB 4559 4654 5
NB 4559 4655 18
NB 4559 4656 0
NB 4559 4657 1
NB 4559 4658 3
NB 4559 4659 39
NB 4559 4660 57
NB 4559 4661 65
NB 4559 4662 82
NB 4559 4663 57
NB 4559 4700 72
NB 4559 4701 82
NB 4559 4702 69
NB 4559 4703 62
NB 4559 4704 65
NB 4559 4705 66
NB 4559 4706 64
NB 4559 4707 62
NB 4559 4708 65
NB 4559 4709 65
NB 4559 4710 62
NB 4559 4711 62
NB 4559 4712 62
NB 4559 4713 62
NB 4559 4714 62
NB 4559 4715 62
NB 4559 4716 62
NB 4559 4717 62
NB 4559 4718 62
NB 4559 4719 62
NB 4559 4720 62
NB 4559 4721 62
NB 4559 4722 62
NB 4559 4723 62
NB 4559 4724 62
NB 4559 4725 62
NB 4559 4726 64
NB 4559 4727 63
NB 4559 4728 71
NB 4559 4729 62
NB 4559 4730 62
NB 4559 4731 71
NB 4559 4732 70
NB 4559 4733 69
NB 4559 4734 65
NB 4559 4735 81
NB 4559 4736 84
NB 4559 4737 80
NB 4559 4738 82
NB 4559 4739 67
NB 4559 4740 78
NB 4559 4741 66
NB 4559 4742 56
NB 4559 4743 62
NB 4559 4744 69
NB 4559 4745 62
NB 4559 4746 60
NB 4559 4747 57
NB 4559 4748 50
NB 4559 4749 56
NB 4559 4750 41
NB 4559 4751 38
NB 4559 4752 35
NB 4559 4753 45
NB 4559 4754 4
NB 4559 4755 20
NB 4559 4756 0
NB 4559 4757 0
NB 4559 4758 0
NB 4559 4759 25
NB 4559 4760 54
NB 4559 4761 91
NB 4559 4762 99
NB 4559 4763 63
NB 4559 4800 75
NB 4559 4801 75
NB 4559 4802 75
NB 4559 4803 64
NB 4559 4804 64
NB 4559 4805 62
NB 4559 4806 71
NB 4559 4807 65
NB 4559 4808 63
NB 4559 4809 62
NB 4559 4810 69
NB 4559 4811 71
NB 4559 4812 67
NB 4559 4813 65
NB 4559 4814 62
NB 4559 4815 62
NB 4559 4816 62
NB 4559 4817 62
NB 4559 4818 62
NB 4559 4819 62
NB 4559 4820 62
NB 4559 4821 62
NB 4559 4822 62
NB 4559 4823 62
NB 4559 4824 62
NB 4559 4825 64
NB 4559 4826 65
NB 4559 4827 70
NB 4559 4828 77
NB 4559 4829 73
NB 4559 4830 75
NB 4559 4831 77
NB 4559 4832 70
NB 4559 4833 70
NB 4559 4834 88
NB 4559 4835 79
NB 4559 4836 81
NB 4559 4837 84
NB 4559 4838 77
NB 4559 4839 62
NB 4559 4840 52
NB 4559 4841 63
NB 4559 4842 48
NB 4559 4843 37
NB 4559 4844 47
NB 4559 4845 60
NB 4559 4846 62
NB 4559 4847 63
NB 4559 4848 60
NB 4559 4849 64
NB 4559 4850 53
NB 4559 4851 31
NB 4559 4852 47
NB 4559 4853 31
NB 4559 4854 20
NB 4559 4855 8
NB 4559 4856 0
NB 4559 4857 0
NB 4559 4858 0
NB 4559 4859 15
NB 4559 4860 47
NB 4559 4861 80
NB 4559 4862 81
NB 4559 4863 73
NB 4559 4900 81
NB 4559 4901 90
NB 4559 4902 85
NB 4559 4903 76
NB 4559 4904 84
NB 4559 4905 75
NB 4559 4906 68
NB 4559 4907 66
NB 4559 4908 66
NB 4559 4909 66
NB 4559 4910 72
NB 4559 4911 81
NB 4559 4912 77
NB 4559 4913 67
NB 4559 4914 66
NB 4559 4915 62
NB 4559 4916 62
NB 4559 4917 62
NB 4559 4918 62
NB 4559 4919 62
NB 4559 4920 62
NB 4559 4921 62
NB 4559 4922 62
NB 4559 4923 62
NB 4559 4924 62
NB 4559 4925 62
NB 4559 4926 62
NB 4559 4927 72
NB 4559 4928 65
NB 4559 4929 75
NB 4559 4930 70
NB 4559 4931 72
NB 4559 4932 71
NB 4559 4933 82
NB 4559 4934 82
NB 4559 4935 72
NB 4559 4936 73
NB 4559 4937 68
NB 4559 4938 70
NB 4559 4939 65
NB 4559 4940 38
NB 4559 4941 42
NB 4559 4942 40
NB 4559 4943 35
NB 4559 4944 39
NB 4559 4945 42
NB 4559 4946 54
NB 4559 4947 55
NB 4559 4948 53
NB 4559 4949 55
NB 4559 4950 55
NB 4559 4951 51
NB 4559 4952 27
NB 4559 4953 18
NB 4559 4954 27
NB 4559 4955 2
NB 4559 4956 17
NB 4559 4957 0
NB 4559 4958 1
NB 4559 4959 1
NB 4559 4960 43
NB 4559 4961 68
NB 4559 4962 78
NB 4559 4963 64
NB 4559 5000 95
NB 4559 5001 87
NB 4559 5002 80
NB 4559 5003 85
NB 4559 5004 75
NB 4559 5005 69
NB 4559 5006 67
NB 4559 5007 63
NB 4559 5008 67
NB 4559 5009 65
NB 4559 5010 74
NB 4559 5011 78
NB 4559 5012 72
NB 4559 5013 69
NB 4559 5014 68
NB 4559 5015 68
NB 4559 5016 66
NB 4559 5017 62
NB 4559 5018 62
NB 4559 5019 62
NB 4559 5020 62
NB 4559 5021 62
NB 4559 5022 62
NB 4559 5023 62
NB 4559 5024 62
NB 4559 5025 62
NB 4559 5026 62
NB 4559 5027 75
NB 4559 5028 68
NB 4559 5029 64
NB 4559 5030 69
NB 4559 5031 71
NB 4559 5032 74
NB 4559 5033 82
NB 4559 5034 80
NB 4559 5035 64
NB 4559 5036 57
NB 4559 5037 56
NB 4559 5038 44
NB 4559 5039 42
NB 4559 5040 42
NB 4559 5041 41
NB 4559 5042 34
NB 4559 5043 31
NB 4559 5044 34
NB 4559 5045 35
NB 4559 5046 41
NB 4559 5047 42
NB 4559 5048 51
NB 4559 5049 55
NB 4559 5050 60
NB 4559 5051 47
NB 4559 5052 28
NB 4559 5053 23
NB 4559 5054 9
NB 4559 5055 2
NB 4559 5056 3
NB 4559 5057 7
NB 4559 5058 0
NB 4559 5059 0
NB 4559 5100 88
NB 4559 5101 84
NB 4559 5102 75
NB 4559 5103 76
NB 4559 5104 70
NB 4559 5105 67
NB 4559 5106 65
NB 4559 5107 68
NB 4559 5108 69
NB 4559 5109 68
NB 4559 5110 61
NB 4559 5111 61
NB 4559 5112 67
NB 4559 5113 67
NB 4559 5114 67
NB 4559 5115 66
NB 4559 5116 71
NB 4559 5117 62
NB 4559 5118 62
NB 4559 5119 62
NB 4559 5120 62
NB 4559 5121 62
NB 4559 5122 62
NB 4559 5123 62
NB 4559 5124 62
NB 4559 5125 64
NB 4559 5126 80
NB 4559 5127 64
NB 4559 5128 72
NB 4559 5129 68
NB 4559 5130 66
NB 4559 5131 70
NB 4559 5132 87
NB 4559 5133 85
NB 4559 5134 70
NB 4559 5135 54
NB 4559 5136 49
NB 4559 5137 46
NB 4559 5138 38
NB 4559 5139 40
NB 4559 5140 39
NB 4559 5141 37
NB 4559 5142 38
NB 4559 5143 35
NB 4559 5144 33
NB 4559 5145 32
NB 4559 5146 35
NB 4559 5147 36
NB 4559 5148 47
NB 4559 5149 65
NB 4559 5150 54
NB 4559 5151 42
NB 4559 5152 18
NB 4559 5153 24
NB 4559 5154 10
NB 4559 5155 8
NB 4559 5156 4
NB 4559 5157 3
NB 4559 5158 0
NB 4559 5159 0
NB 4559 5200 74
NB 4559 5201 67
NB 4559 5202 63
NB 4559 5203 63
NB 4559 5204 60
NB 4559 5205 65
NB 4559 5206 67
NB 4559 5207 67
NB 4559 5208 67
NB 4559 5209 67
NB 4559 5210 71
NB 4559 5211 66
NB 4559 5212 62
NB 4559 5213 59
NB 4559 5214 67
NB 4559 5215 61
NB 4559 5216 61
NB 4559 5217 64
NB 4559 5218 68
NB 4559 5219 62
NB 4559 5220 62
NB 4559 5221 62
NB 4559 5222 62
NB 4559 5223 62
NB 4559 5224 62
NB 4559 5225 65
NB 4559 5226 77
NB 4559 5227 72
NB 4559 5228 84
NB 4559 5229 82
NB 4559 5230 67
NB 4559 5231 77
NB 4559 5232 89
NB 4559 5233 87
NB 4559 5234 73
NB 4559 5235 42
NB 4559 5236 38
NB 4559 5237 38
NB 4559 5238 38
NB 4559 5239 48
NB 4559 5240 42
NB 4559 5241 38
NB 4559 5242 36
NB 4559 5243 36
NB 4559 5244 40
NB 4559 5245 42
NB 4559 5246 32
NB 4559 5247 32
NB 4559 5248 44
NB 4559 5249 52
NB 4559 5250 24
NB 4559 5251 21
NB 4559 5252 38
NB 4559 5253 41
NB 4559 5254 26
NB 4559 5255 31
NB 4559 5256 20
NB 4559 5257 5
NB 4559 5258 1
NB 4559 5259 1
NB 4559 5300 58
NB 4559 5301 67
NB 4559 5302 65
NB 4559 5303 62
NB 4559 5304 65
NB 4559 5305 62
NB 4559 5306 64
NB 4559 5307 58
NB 4559 5308 58
NB 4559 5309 69
NB 4559 5310 64
NB 4559 5311 67
NB 4559 5312 70
NB 4559 5313 68
NB 4559 5314 62
NB 4559 5315 58
NB 4559 5316 58
NB 4559 5317 66
NB 4559 5318 65
NB 4559 5319 65
NB 4559 5320 64
NB 4559 5321 62
NB 4559 5322 62
NB 4559 5323 62
NB 4559 5324 62
NB 4559 5325 62
NB 4559 5326 66
NB 4559 5327 75
NB 4559 5328 87
NB 4559 5329 72
NB 4559 5330 70
NB 4559 5331 75
NB 4559 5332 67
NB 4559 5333 79
NB 4559 5334 65
NB 4559 5335 50
NB 4559 5336 54
NB 4559 5337 58
NB 4559 5338 54
NB 4559 5339 57
NB 4559 5340 50
NB 4559 5341 41
NB 4559 5342 36
NB 4559 5343 35
NB 4559 5344 32
NB 4559 5345 35
NB 4559 5346 32
NB 4559 5347 37
NB 4559 5348 31
NB 4559 5349 27
NB 4559 5350 45
NB 4559 5351 52
NB 4559 5352 53
NB 4559 5353 50
NB 4559 5354 45
NB 4559 5355 42
NB 4559 5356 30
NB 4559 5357 24
NB 4559 5358 9
NB 4559 5359 5
NB 4559 5400 66
NB 4559 5401 58
NB 4559 5402 58
NB 4559 5403 67
NB 4559 5404 64
NB 4559 5405 62
NB 4559 5406 65
NB 4559 5407 67
NB 4559 5408 67
NB 4559 5409 67
NB 4559 5410 67
NB 4559 5411 67
NB 4559 5412 63
NB 4559 5413 61
NB 4559 5414 59
NB 4559 5415 58
NB 4559 5416 58
NB 4559 5417 67
NB 4559 5418 70
NB 4559 5419 66
NB 4559 5420 64
NB 4559 5421 66
NB 4559 5422 62
NB 4559 5423 62
NB 4559 5424 62
NB 4559 5425 72
NB 4559 5426 75
NB 4559 5427 77
NB 4559 5428 74
NB 4559 5429 92
NB 4559 5430 80
NB 4559 5431 92
NB 4559 5432 74
NB 4559 5433 57
NB 4559 5434 53
NB 4559 5435 61
NB 4559 5436 64
NB 4559 5437 65
NB 4559 5438 70
NB 4559 5439 52
NB 4559 5440 43
NB 4559 5441 42
NB 4559 5442 37
NB 4559 5443 35
NB 4559 5444 35
NB 4559 5445 42
NB 4559 5446 45
NB 4559 5447 47
NB 4559 5448 50
NB 4559 5449 45
NB 4559 5450 50
NB 4559 5451 47
NB 4559 5452 47
NB 4559 5453 60
NB 4559 5454 50
NB 4559 5455 45
NB 4559 5456 40
NB 4559 5457 40
NB 4559 5458 38
NB 4559 5459 18
NB 4559 5500 58
NB 4559 5501 60
NB 4559 5502 59
NB 4559 5503 66
NB 4559 5504 69
NB 4559 5505 66
NB 4559 5506 65
NB 4559 5507 66
NB 4559 5508 67
NB 4559 5509 66
NB 4559 5510 69
NB 4559 5511 69
NB 4559 5512 64
NB 4559 5513 67
NB 4559 5514 58
NB 4559 5515 58
NB 4559 5516 58
NB 4559 5517 61
NB 4559 5518 70
NB 4559 5519 72
NB 4559 5520 72
NB 4559 5521 62
NB 4559 5522 62
NB 4559 5523 62
NB 4559 5524 74
NB 4559 5525 72
NB 4559 5526 75
NB 4559 5527 75
NB 4559 5528 80
NB 4559 5529 79
NB 4559 5530 68
NB 4559 5531 85
NB 4559 5532 64
NB 4559 5533 57
NB 4559 5534 49
NB 4559 5535 59
NB 4559 5536 59
NB 4559 5537 72
NB 4559 5538 64
NB 4559 5539 39
NB 4559 5540 34
NB 4559 5541 34
NB 4559 5542 34
NB 4559 5543 34
NB 4559 5544 35
NB 4559 5545 41
NB 4559 5546 44
NB 4559 5547 47
NB 4559 5548 47
NB 4559 5549 51
NB 4559 5550 60
NB 4559 5551 58
NB 4559 5552 61
NB 4559 5553 59
NB 4559 5554 56
NB 4559 5555 50
NB 4559 5556 49
NB 4559 5557 51
NB 4559 5558 48
NB 4559 5559 31
NB 4559 5600 67
NB 4559 5601 69
NB 4559 5602 59
NB 4559 5603 67
NB 4559 5604 67
NB 4559 5605 66
NB 4559 5606 67
NB 4559 5607 67
NB 4559 5608 67
NB 4559 5609 67
NB 4559 5610 67
NB 4559 5611 68
NB 4559 5612 67
NB 4559 5613 65
NB 4559 5614 65
NB 4559 5615 60
NB 4559 5616 63
NB 4559 5617 62
NB 4559 5618 62
NB 4559 5619 69
NB 4559 5620 71
NB 4559 5621 64
NB 4559 5622 62
NB 4559 5623 66
NB 4559 5624 64
NB 4559 5625 75
NB 4559 5626 84
NB 4559 5627 85
NB 4559 5628 85
NB 4559 5629 90
NB 4559 5630 73
NB 4559 5631 92
NB 4559 5632 58
NB 4559 5633 75
NB 4559 5634 60
NB 4559 5635 47
NB 4559 5636 65
NB 4559 5637 52
NB 4559 5638 39
NB 4559 5639 34
NB 4559 5640 37
NB 4559 5641 34
NB 4559 5642 37
NB 4559 5643 34
NB 4559 5644 40
NB 4559 5645 34
NB 4559 5646 37
NB 4559 5647 40
NB 4559 5648 48
NB 4559 5649 63
NB 4559 5650 66
NB 4559 5651 65
NB 4559 5652 62
NB 4559 5653 60
NB 4559 5654 55
NB 4559 5655 57
NB 4559 5656 57
NB 4559 5657 56
NB 4559 5658 46
NB 4559 5659 39
NB 4559 5700 62
NB 4559 5701 64
NB 4559 5702 67
NB 4559 5703 65
NB 4559 5704 65
NB 4559 5705 66
NB 4559 5706 67
NB 4559 5707 67
NB 4559 5708 67
NB 4559 5709 65
NB 4559 5710 70
NB 4559 5711 70
NB 4559 5712 73
NB 4559 5713 61
NB 4559 5714 59
NB 4559 5715 65
NB 4559 5716 62
NB 4559 5717 62
NB 4559 5718 62
NB 4559 5719 70
NB 4559 5720 77
NB 4559 5721 71
NB 4559 5722 66
NB 4559 5723 68
NB 4559 5724 75
NB 4559 5725 80
NB 4559 5726 82
NB 4559 5727 85
NB 4559 5728 88
NB 4559 5729 83
NB 4559 5730 97
NB 4559 5731 95
NB 4559 5732 83
NB 4559 5733 72
NB 4559 5734 81
NB 4559 5735 71
NB 4559 5736 65
NB 4559 5737 50
NB 4559 5738 50
NB 4559 5739 50
NB 4559 5740 45
NB 4559 5741 55
NB 4559 5742 45
NB 4559 5743 40
NB 4559 5744 35
NB 4559 5745 35
NB 4559 5746 57
NB 4559 5747 37
NB 4559 5748 42
NB 4559 5749 54
NB 4559 5750 57
NB 4559 5751 60
NB 4559 5752 62
NB 4559 5753 59
NB 4559 5754 55
NB 4559 5755 50
NB 4559 5756 49
NB 4559 5757 57
NB 4559 5758 42
NB 4559 5759 42
NB 4559 5800 57
NB 4559 5801 62
NB 4559 5802 67
NB 4559 5803 67
NB 4559 5804 62
NB 4559 5805 67
NB 4559 5806 67
NB 4559 5807 68
NB 4559 5808 67
NB 4559 5809 71
NB 4559 5810 72
NB 4559 5811 72
NB 4559 5812 78
NB 4559 5813 60
NB 4559 5814 59
NB 4559 5815 70
NB 4559 5816 61
NB 4559 5817 59
NB 4559 5818 64
NB 4559 5819 65
NB 4559 5820 73
NB 4559 5821 67
NB 4559 5822 75
NB 4559 5823 75
NB 4559 5824 68
NB 4559 5825 79
NB 4559 5826 87
NB 4559 5827 90
NB 4559 5828 92
NB 4559 5829 99
NB 4559 5830 91
NB 4559 5831 95
NB 4559 5832 87
NB 4559 5833 91
NB 4559 5834 91
NB 4559 5835 79
NB 4559 5836 67
NB 4559 5837 63
NB 4559 5838 55
NB 4559 5839 58
NB 4559 5840 60
NB 4559 5841 61
NB 4559 5842 55
NB 4559 5843 54
NB 4559 5844 37
NB 4559 5845 43
NB 4559 5846 48
NB 4559 5847 40
NB 4559 5848 40
NB 4559 5849 44
NB 4559 5850 42
NB 4559 5851 50
NB 4559 5852 52
NB 4559 5853 60
NB 4559 5854 63
NB 4559 5855 62
NB 4559 5856 56
NB 4559 5857 50
NB 4559 5858 48
NB 4559 5859 47
NB 4559 5900 60
NB 4559 5901 62
NB 4559 5902 62
NB 4559 5903 65
NB 4559 5904 58
NB 4559 5905 68
NB 4559 5906 64
NB 4559 5907 70
NB 4559 5908 65
NB 4559 5909 67
NB 4559 5910 68
NB 4559 5911 67
NB 4559 5912 61
NB 4559 5913 59
NB 4559 5914 59
NB 4559 5915 62
NB 4559 5916 67
NB 4559 5917 60
NB 4559 5918 62
NB 4559 5919 60
NB 4559 5920 74
NB 4559 5921 76
NB 4559 5922 80
NB 4559 5923 80
NB 4559 5924 80
NB 4559 5925 84
NB 4559 5926 87
NB 4559 5927 90
NB 4559 5928 91
NB 4559 5929 96
NB 4559 5930 102
NB 4559 5931 92
NB 4559 5932 98
NB 4559 5933 100
NB 4559 5934 97
NB 4559 5935 82
NB 4559 5936 80
NB 4559 5937 69
NB 4559 5938 58
NB 4559 5939 63
NB 4559 5940 60
NB 4559 5941 70
NB 4559 5942 74
NB 4559 5943 58
NB 4559 5944 43
NB 4559 5945 52
NB 4559 5946 55
NB 4559 5947 60
NB 4559 5948 47
NB 4559 5949 45
NB 4559 5950 45
NB 4559 5951 45
NB 4559 5952 52
NB 4559 5953 50
NB 4559 5954 57
NB 4559 5955 63
NB 4559 5956 61
NB 4559 5957 57
NB 4559 5958 52
NB 4559 5959 45
NB 4559 6000 57
NB 4559 6001 61
NB 4559 6002 58
NB 4559 6003 57
NB 4559 6004 64
NB 4559 6005 62
NB 4559 6006 67
NB 4559 6007 67
NB 4559 6008 62
NB 4559 6009 65
NB 4559 6010 60
NB 4559 6011 60
NB 4559 6012 60
NB 4559 6013 59
NB 4559 6014 59
NB 4559 6015 68
NB 4559 6016 65
NB 4559 6017 64
NB 4559 6018 62
NB 4559 6019 64
NB 4559 6020 64
NB 4559 6021 62
NB 4559 6022 65
NB 4559 6023 72
NB 4559 6024 82
NB 4559 6025 85
NB 4559 6026 83
NB 4559 6027 87
NB 4559 6028 75
NB 4559 6029 79
NB 4559 6030 85
NB 4559 6031 96
NB 4559 6032 86
NB 4559 6033 101
NB 4559 6034 99
NB 4559 6035 94
NB 4559 6036 82
NB 4559 6037 65
NB 4559 6038 64
NB 4559 6039 65
NB 4559 6040 65
NB 4559 6041 65
NB 4559 6042 77
NB 4559 6043 57
NB 4559 6044 56
NB 4559 6045 56
NB 4559 6046 63
NB 4559 6047 70
NB 4559 6048 67
NB 4559 6049 63
NB 4559 6050 64
NB 4559 6051 57
NB 4559 6052 39
NB 4559 6053 45
NB 4559 6054 48
NB 4559 6100 66
NB 4559 6101 61
NB 4559 6102 73
NB 4559 6103 80
NB 4559 6104 57
NB 4559 6105 63
NB 4559 6106 66
NB 4559 6107 66
NB 4559 6108 66
NB 4559 6109 70
NB 4559 6110 66
NB 4559 6111 62
NB 4559 6112 62
NB 4559 6113 66
NB 4559 6114 59
NB 4559 6115 65
NB 4559 6116 72
NB 4559 6117 67
NB 4559 6118 62
NB 4559 6119 67
NB 4559 6120 62
NB 4559 6121 65
NB 4559 6122 70
NB 4559 6123 73
NB 4559 6124 72
NB 4559 6125 74
NB 4559 6126 77
NB 4559 6127 70
NB 4559 6128 83
NB 4559 6129 71
NB 4559 6130 80
NB 4559 6131 84
NB 4559 6132 90
NB 4559 6133 92
NB 4559 6134 100
NB 4559 6135 120
NB 4559 6136 92
NB 4559 6137 105
NB 4559 6138 70
NB 4559 6139 71
NB 4559 6140 70
NB 4559 6141 69
NB 4559 6142 63
NB 4559 6143 40
NB 4559 6144 65
NB 4559 6145 67
NB 4559 6146 61
NB 4559 6147 71
NB 4559 6148 70
NB 4559 6149 80
NB 4559 6150 75
NB 4559 6151 60
NB 4559 6152 48
NB 4559 6153 42
NB 4559 6154 40
NB 4559 6200 62
NB 4559 6201 70
NB 4559 6202 68
NB 4559 6203 62
NB 4559 6204 77
NB 4559 6205 75
NB 4559 6206 67
NB 4559 6207 67
NB 4559 6208 57
NB 4559 6209 67
NB 4559 6210 67
NB 4559 6211 59
NB 4559 6212 59
NB 4559 6213 76
NB 4559 6214 59
NB 4559 6215 60
NB 4559 6216 65
NB 4559 6217 73
NB 4559 6218 71
NB 4559 6219 65
NB 4559 6220 62
NB 4559 6221 62
NB 4559 6222 62
NB 4559 6223 69
NB 4559 6224 82
NB 4559 6225 77
NB 4559 6226 64
NB 4559 6227 75
NB 4559 6228 84
NB 4559 6229 87
NB 4559 6230 85
NB 4559 6231 86
NB 4559 6232 86
NB 4559 6233 90
NB 4559 6234 91
NB 4559 6235 102
NB 4559 6236 98
NB 4559 6237 95
NB 4559 6238 76
NB 4559 6239 72
NB 4559 6240 68
NB 4559 6241 70
NB 4559 6242 56
NB 4559 6243 52
NB 4559 6244 69
NB 4559 6245 67
NB 4559 6246 65
NB 4559 6247 68
NB 4559 6248 75
NB 4559 6249 86
NB 4559 6250 72
NB 4559 6251 62
NB 4559 6252 58
NB 4559 6253 42
NB 4559 6254 39
NB 4559 6300 57
NB 4559 6301 58
NB 4559 6302 62
NB 4559 6303 59
NB 4559 6304 70
NB 4559 6305 75
NB 4559 6306 62
NB 4559 6307 67
NB 4559 6308 57
NB 4559 6309 57
NB 4559 6310 57
NB 4559 6311 66
NB 4559 6312 65
NB 4559 6313 60
NB 4559 6314 63
NB 4559 6315 74
NB 4559 6316 82
NB 4559 6317 72
NB 4559 6318 62
NB 4559 6319 67
NB 4559 6320 87
NB 4559 6321 62
NB 4559 6322 74
NB 4559 6323 89
NB 4559 6324 90
NB 4559 6325 67
NB 4559 6326 72
NB 4559 6327 62
NB 4559 6328 68
NB 4559 6329 80
NB 4559 6330 80
NB 4559 6331 79
NB 4559 6332 79
NB 4559 6333 86
NB 4559 6334 90
NB 4559 6335 94
NB 4559 6336 98
NB 4559 6337 93
NB 4559 6338 78
NB 4559 6339 82
NB 4559 6340 77
NB 4559 6341 55
NB 4559 6342 58
NB 4559 6343 50
NB 4559 6344 67
NB 4559 6345 72
NB 4559 6346 70
NB 4559 6347 63
NB 4559 6348 68
NB 4559 6349 87
NB 4559 6350 74
NB 4559 6351 67
NB 4559 6352 55
NB 4559 6353 39
NB 4559 6354 40
NB 4559 6400 60
NB 4559 6401 73
NB 4559 6402 64
NB 4559 6403 61
NB 4559 6404 57
NB 4559 6405 57
NB 4559 6406 60
NB 4559 6407 61
NB 4559 6408 67
NB 4559 6409 57
NB 4559 6410 59
NB 4559 6411 59
NB 4559 6412 59
NB 4559 6413 59
NB 4559 6414 59
NB 4559 6415 59
NB 4559 6416 59
NB 4559 6417 64
NB 4559 6418 78
NB 4559 6419 77
NB 4559 6420 64
NB 4559 6421 75
NB 4559 6422 67
NB 4559 6423 63
NB 4559 6424 98
NB 4559 6425 80
NB 4559 6426 78
NB 4559 6427 75
NB 4559 6428 57
NB 4559 6429 77
NB 4559 6430 82
NB 4559 6431 81
NB 4559 6432 75
NB 4559 6433 80
NB 4559 6434 93
NB 4559 6435 85
NB 4559 6436 84
NB 4559 6437 87
NB 4559 6438 82
NB 4559 6439 85
NB 4559 6440 87
NB 4559 6441 66
NB 4559 6442 47
NB 4559 6443 46
NB 4559 6444 65
NB 4559 6445 77
NB 4559 6446 75
NB 4559 6447 72
NB 4559 6448 69
NB 4559 6449 72
NB 4559 6450 78
NB 4559 6451 67
NB 4559 6452 59
NB 4559 6453 54
NB 4559 6454 51
NB 4559 6500 55
NB 4559 6501 56
NB 4559 6502 57
NB 4559 6503 63
NB 4559 6504 55
NB 4559 6505 58
NB 4559 6506 57
NB 4559 6507 57
NB 4559 6508 73
NB 4559 6509 57
NB 4559 6510 60
NB 4559 6511 67
NB 4559 6512 60
NB 4559 6513 75
NB 4559 6514 59
NB 4559 6515 61
NB 4559 6516 60
NB 4559 6517 66
NB 4559 6518 87
NB 4559 6519 87
NB 4559 6520 63
NB 4559 6521 74
NB 4559 6522 88
NB 4559 6523 69
NB 4559 6524 88
NB 4559 6525 81
NB 4559 6526 63
NB 4559 6527 62
NB 4559 6528 60
NB 4559 6529 72
NB 4559 6530 72
NB 4559 6531 63
NB 4559 6532 77
NB 4559 6533 70
NB 4559 6534 70
NB 4559 6535 70
NB 4559 6536 75
NB 4559 6537 80
NB 4559 6538 77
NB 4559 6539 85
NB 4559 6540 73
NB 4559 6541 67
NB 4559 6542 57
NB 4559 6543 51
NB 4559 6544 62
NB 4559 6545 67
NB 4559 6546 72
NB 4559 6547 75
NB 4559 6548 72
NB 4559 6549 70
NB 4559 6550 71
NB 4559 6551 67
NB 4559 6552 68
NB 4559 6553 62
NB 4559 6554 60
NB 4559 6600 61
NB 4559 6601 55
NB 4559 6602 55
NB 4559 6603 55
NB 4559 6604 69
NB 4559 6605 60
NB 4559 6606 63
NB 4559 6607 59
NB 4559 6608 57
NB 4559 6609 60
NB 4559 6610 60
NB 4559 6611 59
NB 4559 6612 60
NB 4559 6613 62
NB 4559 6614 75
NB 4559 6615 67
NB 4559 6616 70
NB 4559 6617 83
NB 4559 6618 61
NB 4559 6619 82
NB 4559 6620 87
NB 4559 6621 75
NB 4559 6622 82
NB 4559 6623 95
NB 4559 6624 84
NB 4559 6625 86
NB 4559 6626 70
NB 4559 6627 65
NB 4559 6628 60
NB 4559 6629 57
NB 4559 6630 64
NB 4559 6631 57
NB 4559 6632 53
NB 4559 6633 57
NB 4559 6634 60
NB 4559 6635 65
NB 4559 6636 70
NB 4559 6637 73
NB 4559 6638 77
NB 4559 6639 79
NB 4559 6640 85
NB 4559 6641 59
NB 4559 6642 58
NB 4559 6643 60
NB 4559 6644 74
NB 4559 6645 72
NB 4559 6646 72
NB 4559 6647 72
NB 4559 6648 72
NB 4559 6649 70
NB 4559 6650 70
NB 4559 6651 70
NB 4559 6652 72
NB 4559 6653 65
NB 4559 6654 71
NB 4559 6700 65
NB 4559 6701 72
NB 4559 6702 59
NB 4559 6703 76
NB 4559 6704 58
NB 4559 6705 89
NB 4559 6706 75
NB 4559 6707 70
NB 4559 6708 57
NB 4559 6709 57
NB 4559 6710 60
NB 4559 6711 62
NB 4559 6712 65
NB 4559 6713 64
NB 4559 6714 65
NB 4559 6715 61
NB 4559 6716 60
NB 4559 6717 63
NB 4559 6718 79
NB 4559 6719 79
NB 4559 6720 69
NB 4559 6721 74
NB 4559 6722 92
NB 4559 6723 100
NB 4559 6724 98
NB 4559 6725 87
NB 4559 6726 59
NB 4559 6727 57
NB 4559 6728 58
NB 4559 6729 55
NB 4559 6730 65
NB 4559 6731 60
NB 4559 6732 58
NB 4559 6733 54
NB 4559 6734 55
NB 4559 6735 60
NB 4559 6736 67
NB 4559 6737 70
NB 4559 6738 77
NB 4559 6739 77
NB 4559 6740 69
NB 4559 6741 54
NB 4559 6742 63
NB 4559 6743 64
NB 4559 6744 67
NB 4559 6745 68
NB 4559 6746 70
NB 4559 6747 70
NB 4559 6748 72
NB 4559 6749 72
NB 4559 6750 72
NB 4559 6751 74
NB 4559 6752 72
NB 4559 6753 72
NB 4559 6754 62
NB 4559 6800 65
NB 4559 6801 62
NB 4559 6802 54
NB 4559 6803 62
NB 4559 6804 60
NB 4559 6805 60
NB 4559 6806 59
NB 4559 6807 65
NB 4559 6808 57
NB 4559 6809 57
NB 4559 6810 62
NB 4559 6811 60
NB 4559 6812 60
NB 4559 6813 67
NB 4559 6814 58
NB 4559 6815 58
NB 4559 6816 59
NB 4559 6817 64
NB 4559 6818 87
NB 4559 6819 75
NB 4559 6820 79
NB 4559 6821 80
NB 4559 6822 87
NB 4559 6823 84
NB 4559 6824 97
NB 4559 6825 75
NB 4559 6826 57
NB 4559 6827 55
NB 4559 6828 57
NB 4559 6829 60
NB 4559 6830 60
NB 4559 6831 52
NB 4559 6832 51
NB 4559 6833 49
NB 4559 6834 62
NB 4559 6835 57
NB 4559 6836 60
NB 4559 6837 57
NB 4559 6838 72
NB 4559 6839 72
NB 4559 6840 60
NB 4559 6841 62
NB 4559 6842 62
NB 4559 6843 62
NB 4559 6844 64
NB 4559 6845 69
NB 4559 6846 66
NB 4559 6847 67
NB 4559 6848 68
NB 4559 6849 72
NB 4559 6850 74
NB 4559 6851 67
NB 4559 6852 72
NB 4559 6853 67
NB 4559 6854 70
NB 4559 6900 54
NB 4559 6901 62
NB 4559 6902 61
NB 4559 6903 64
NB 4559 6904 58
NB 4559 6905 56
NB 4559 6906 59
NB 4559 6907 58
NB 4559 6908 60
NB 4559 6909 65
NB 4559 6910 60
NB 4559 6911 59
NB 4559 6912 58
NB 4559 6913 66
NB 4559 6914 59
NB 4559 6915 58
NB 4559 6916 58
NB 4559 6917 64
NB 4559 6918 86
NB 4559 6919 76
NB 4559 6920 81
NB 4559 6921 83
NB 4559 6922 83
NB 4559 6923 82
NB 4559 6924 75
NB 4559 6925 69
NB 4559 6926 60
NB 4559 6927 52
NB 4559 6928 52
NB 4559 6929 57
NB 4559 6930 60
NB 4559 6931 52
NB 4559 6932 55
NB 4559 6933 58
NB 4559 6934 55
NB 4559 6935 54
NB 4559 6936 52
NB 4559 6937 55
NB 4559 6938 58
NB 4559 6939 67
NB 4559 6940 47
NB 4559 6941 63
NB 4559 6942 69
NB 4559 6943 58
NB 4559 6944 66
NB 4559 6945 73
NB 4559 6946 75
NB 4559 6947 66
NB 4559 6948 67
NB 4559 6949 67
NB 4559 6950 72
NB 4559 6951 66
NB 4559 6952 63
NB 4559 6953 66
NB 4559 6954 78
NB 4559 7010 59
NB 4559 7011 59
NB 4559 7012 65
NB 4559 7013 62
NB 4559 7014 70
NB 4559 7015 64
NB 4559 7016 62
NB 4559 7017 70
NB 4559 7018 79
NB 4559 7019 86
NB 4559 7020 70
NB 4559 7021 72
NB 4559 7022 57
NB 4559 7023 87
NB 4559 7024 81
NB 4559 7025 76
NB 4559 7026 73
NB 4559 7027 52
NB 4559 7028 55
NB 4559 7029 50
NB 4559 7030 55
NB 4559 7031 49
NB 4559 7032 46
NB 4559 7033 53
NB 4559 7034 60
NB 4559 7035 57
NB 4559 7036 53
NB 4559 7037 52
NB 4559 7038 56
NB 4559 7039 45
NB 4559 7040 55
NB 4559 7041 56
NB 4559 7042 57
NB 4559 7043 60
NB 4559 7044 67
NB 4559 7045 70
NB 4559 7046 68
NB 4559 7047 67
NB 4559 7048 58
NB 4559 7049 62
NB 4559 7050 68
NB 4559 7051 66
NB 4559 7052 59
NB 4559 7053 68
NB 4559 7054 71
NB 4559 7110 60
NB 4559 7111 59
NB 4559 7112 62
NB 4559 7113 62
NB 4559 7114 65
NB 4559 7115 70
NB 4559 7116 75
NB 4559 7117 84
NB 4559 7118 95
NB 4559 7119 85
NB 4559 7120 73
NB 4559 7121 58
NB 4559 7122 51
NB 4559 7123 42
NB 4559 7124 75
NB 4559 7125 80
NB 4559 7126 78
NB 4559 7127 51
NB 4559 7128 64
NB 4559 7129 52
NB 4559 7130 44
NB 4559 7131 50
NB 4559 7132 50
NB 4559 7133 51
NB 4559 7134 54
NB 4559 7135 57
NB 4559 7136 62
NB 4559 7137 42
NB 4559 7138 49
NB 4559 7139 52
NB 4559 7140 58
NB 4559 7141 49
NB 4559 7142 46
NB 4559 7143 55
NB 4559 7144 45
NB 4559 7145 65
NB 4559 7146 62
NB 4559 7147 48
NB 4559 7148 48
NB 4559 7149 60
NB 4559 7150 48
NB 4559 7151 62
NB 4559 7152 65
NB 4559 7153 69
NB 4559 7154 78
NB 4559 7210 58
NB 4559 7211 58
NB 4559 7212 63
NB 4559 7213 62
NB 4559 7214 73
NB 4559 7215 77
NB 4559 7216 84
NB 4559 7217 85
NB 4559 7218 90
NB 4559 7219 71
NB 4559 7220 63
NB 4559 7221 53
NB 4559 7222 64
NB 4559 7223 44
NB 4559 7224 62
NB 4559 7225 85
NB 4559 7226 75
NB 4559 7227 69
NB 4559 7228 43
NB 4559 7229 43
NB 4559 7230 43
NB 4559 7231 55
NB 4559 7232 42
NB 4559 7233 47
NB 4559 7234 40
NB 4559 7235 51
NB 4559 7236 55
NB 4559 7237 41
NB 4559 7238 52
NB 4559 7239 45
NB 4559 7240 43
NB 4559 7241 43
NB 4559 7242 57
NB 4559 7243 62
NB 4559 7244 59
NB 4559 7245 65
NB 4559 7246 54
NB 4559 7247 49
NB 4559 7248 50
NB 4559 7249 53
NB 4559 7250 46
NB 4559 7251 67
NB 4559 7252 72
NB 4559 7253 75
NB 4559 7254 79
NB 4559 7310 59
NB 4559 7311 59
NB 4559 7312 63
NB 4559 7313 65
NB 4559 7314 81
NB 4559 7315 80
NB 4559 7316 84
NB 4559 7317 76
NB 4559 7318 69
NB 4559 7319 69
NB 4559 7320 69
NB 4559 7321 68
NB 4559 7322 49
NB 4559 7323 36
NB 4559 7324 48
NB 4559 7325 67
NB 4559 7326 62
NB 4559 7327 37
NB 4559 7328 50
NB 4559 7329 56
NB 4559 7330 52
NB 4559 7331 52
NB 4559 7332 42
NB 4559 7333 39
NB 4559 7334 40
NB 4559 7335 43
NB 4559 7336 42
NB 4559 7337 42
NB 4559 7338 47
NB 4559 7339 50
NB 4559 7340 47
NB 4559 7341 50
NB 4559 7342 70
NB 4559 7343 76
NB 4559 7344 78
NB 4559 7345 80
NB 4559 7346 54
NB 4559 7347 55
NB 4559 7348 50
NB 4559 7349 50
NB 4559 7350 47
NB 4559 7351 53
NB 4559 7352 69
NB 4559 7353 71
NB 4559 7354 79
NB 4559 7410 58
NB 4559 7411 60
NB 4559 7412 62
NB 4559 7413 79
NB 4559 7414 80
NB 4559 7415 69
NB 4559 7416 74
NB 4559 7417 89
NB 4559 7418 80
NB 4559 7419 75
NB 4559 7420 80
NB 4559 7421 75
NB 4559 7422 44
NB 4559 7423 27
NB 4559 7424 18
NB 4559 7425 17
NB 4559 7426 33
NB 4559 7427 59
NB 4559 7428 58
NB 4559 7429 51
NB 4559 7430 44
NB 4559 7431 69
NB 4559 7432 45
NB 4559 7433 55
NB 4559 7434 53
NB 4559 7435 40
NB 4559 7436 48
NB 4559 7437 45
NB 4559 7438 57
NB 4559 7439 70
NB 4559 7440 79
NB 4559 7441 82
NB 4559 7442 89
NB 4559 7443 87
NB 4559 7444 86
NB 4559 7445 90
NB 4559 7446 83
NB 4559 7447 72
NB 4559 7448 61
NB 4559 7449 47
NB 4559 7450 47
NB 4559 7451 47
NB 4559 7452 61
NB 4559 7453 65
NB 4559 7454 74
NB 4559 7510 65
NB 4559 7511 67
NB 4559 7512 64
NB 4559 7513 85
NB 4559 7514 85
NB 4559 7515 84
NB 4559 7516 82
NB 4559 7517 90
NB 4559 7518 87
NB 4559 7519 90
NB 4559 7520 70
NB 4559 7521 70
NB 4559 7522 67
NB 4559 7523 42
NB 4559 7524 32
NB 4559 7525 17
NB 4559 7526 15
NB 4559 7527 40
NB 4559 7528 45
NB 4559 7529 73
NB 4559 7530 67
NB 4559 7531 74
NB 4559 7532 74
NB 4559 7533 73
NB 4559 7534 69
NB 4559 7535 47
NB 4559 7536 62
NB 4559 7537 68
NB 4559 7538 62
NB 4559 7539 71
NB 4559 7540 81
NB 4559 7541 88
NB 4559 7542 79
NB 4559 7543 82
NB 4559 7544 76
NB 4559 7545 76
NB 4559 7546 74
NB 4559 7547 70
NB 4559 7548 57
NB 4559 7549 45
NB 4559 7550 51
NB 4559 7551 52
NB 4559 7552 56
NB 4559 7553 53
NB 4559 7554 67
NB 4559 7610 67
NB 4559 7611 66
NB 4559 7612 81
NB 4559 7613 66
NB 4559 7614 78
NB 4559 7615 87
NB 4559 7616 83
NB 4559 7617 79
NB 4559 7618 111
NB 4559 7619 121
NB 4559 7620 109
NB 4559 7621 83
NB 4559 7622 78
NB 4559 7623 62
NB 4559 7624 40
NB 4559 7625 14
NB 4559 7626 14
NB 4559 7627 25
NB 4559 7628 32
NB 4559 7629 47
NB 4559 7630 56
NB 4559 7631 70
NB 4559 7632 65
NB 4559 7633 65
NB 4559 7634 60
NB 4559 7635 59
NB 4559 7636 50
NB 4559 7637 56
NB 4559 7638 49
NB 4559 7639 58
NB 4559 7640 67
NB 4559 7641 69
NB 4559 7642 68
NB 4559 7643 67
NB 4559 7644 71
NB 4559 7645 65
NB 4559 7646 69
NB 4559 7647 64
NB 4559 7648 61
NB 4559 7649 45
NB 4559 7650 49
NB 4559 7651 52
NB 4559 7652 52
NB 4559 7653 55
NB 4559 7654 52
NB 4559 7710 63
NB 4559 7711 73
NB 4559 7712 81
NB 4559 7713 66
NB 4559 7714 80
NB 4559 7715 99
NB 4559 7716 87
NB 4559 7717 81
NB 4559 7718 85
NB 4559 7719 90
NB 4559 7720 90
NB 4559 7721 100
NB 4559 7722 85
NB 4559 7723 75
NB 4559 7724 19
NB 4559 7725 14
NB 4559 7726 14
NB 4559 7727 14
NB 4559 7728 14
NB 4559 7729 14
NB 4559 7730 46
NB 4559 7731 52
NB 4559 7732 62
NB 4559 7733 64
NB 4559 7734 60
NB 4559 7735 56
NB 4559 7736 57
NB 4559 7737 52
NB 4559 7738 47
NB 4559 7739 62
NB 4559 7740 68
NB 4559 7741 69
NB 4559 7742 62
NB 4559 7743 62
NB 4559 7744 65
NB 4559 7745 59
NB 4559 7746 62
NB 4559 7747 59
NB 4559 7748 49
NB 4559 7749 50
NB 4559 7750 60
NB 4559 7751 62
NB 4559 7752 61
NB 4559 7753 62
NB 4559 7754 48
NB 4559 7810 63
NB 4559 7811 71
NB 4559 7812 92
NB 4559 7813 90
NB 4559 7814 87
NB 4559 7815 100
NB 4559 7816 74
NB 4559 7817 82
NB 4559 7818 89
NB 4559 7819 87
NB 4559 7820 89
NB 4559 7821 95
NB 4559 7822 95
NB 4559 7823 85
NB 4559 7824 55
NB 4559 7825 37
NB 4559 7826 24
NB 4559 7827 17
NB 4559 7828 14
NB 4559 7829 14
NB 4559 7830 14
NB 4559 7831 50
NB 4559 7832 81
NB 4559 7833 78
NB 4559 7834 70
NB 4559 7835 70
NB 4559 7836 65
NB 4559 7837 59
NB 4559 7838 41
NB 4559 7839 49
NB 4559 7840 57
NB 4559 7841 61
NB 4559 7842 61
NB 4559 7843 60
NB 4559 7844 56
NB 4559 7845 52
NB 4559 7846 53
NB 4559 7847 55
NB 4559 7848 37
NB 4559 7849 50
NB 4559 7850 61
NB 4559 7851 64
NB 4559 7852 62
NB 4559 7853 61
NB 4559 7854 58
NB 4559 7910 71
NB 4559 7911 63
NB 4559 7912 71
NB 4559 7913 87
NB 4559 7914 82
NB 4559 7915 79
NB 4559 7916 70
NB 4559 7917 77
NB 4559 7918 78
NB 4559 7919 79
NB 4559 7920 81
NB 4559 7921 75
NB 4559 7922 81
NB 4559 7923 68
NB 4559 7924 70
NB 4559 7925 55
NB 4559 7926 49
NB 4559 7927 50
NB 4559 7928 18
NB 4559 7929 14
NB 4559 7930 14
NB 4559 7931 14
NB 4559 7932 50
NB 4559 7933 68
NB 4559 7934 72
NB 4559 7935 93
NB 4559 7936 72
NB 4559 7937 70
NB 4559 7938 56
NB 4559 7939 34
NB 4559 7940 44
NB 4559 7941 49
NB 4559 7942 49
NB 4559 7943 51
NB 4559 7944 53
NB 4559 7945 42
NB 4559 7946 34
NB 4559 7947 38
NB 4559 7948 26
NB 4559 7949 36
NB 4559 7950 54
NB 4559 7951 57
NB 4559 7952 60
NB 4559 7953 58
NB 4559 7954 51
NB 4559 8010 70
NB 4559 8011 82
NB 4559 8012 101
NB 4559 8013 97
NB 4559 8014 67
NB 4559 8015 67
NB 4559 8016 80
NB 4559 8017 86
NB 4559 8018 82
NB 4559 8019 88
NB 4559 8020 72
NB 4559 8021 61
NB 4559 8022 77
NB 4559 8023 54
NB 4559 8024 73
NB 4559 8025 70
NB 4559 8026 66
NB 4559 8027 59
NB 4559 8028 51
NB 4559 8029 14
NB 4559 8030 14
NB 4559 8031 14
NB 4559 8032 14
NB 4559 8033 14
NB 4559 8034 31
NB 4559 8035 48
NB 4559 8036 61
NB 4559 8037 55
NB 4559 8038 51
NB 4559 8039 51
NB 4559 8040 40
NB 4559 8041 44
NB 4559 8042 40
NB 4559 8043 42
NB 4559 8044 31
NB 4559 8045 39
NB 4559 8046 49
NB 4559 8047 27
NB 4559 8048 30
NB 4559 8049 37
NB 4559 8050 42
NB 4559 8051 47
NB 4559 8052 52
NB 4559 8053 46
NB 4559 8054 43
NB 4559 8110 77
NB 4559 8111 72
NB 4559 8112 71
NB 4559 8113 80
NB 4559 8114 81
NB 4559 8115 85
NB 4559 8116 72
NB 4559 8117 70
NB 4559 8118 67
NB 4559 8119 70
NB 4559 8120 58
NB 4559 8121 70
NB 4559 8122 72
NB 4559 8123 74
NB 4559 8124 79
NB 4559 8125 77
NB 4559 8126 77
NB 4559 8127 67
NB 4559 8128 65
NB 4559 8129 60
NB 4559 8130 60
NB 4559 8131 46
NB 4559 8132 14
NB 4559 8133 14
NB 4559 8134 14
NB 4559 8135 14
NB 4559 8136 48
NB 4559 8137 55
NB 4559 8138 12
NB 4559 8139 12
NB 4559 8140 12
NB 4559 8141 11
NB 4559 8142 32
NB 4559 8143 31
NB 4559 8144 20
NB 4559 8145 42
NB 4559 8146 32
NB 4559 8147 17
NB 4559 8148 32
NB 4559 8149 29
NB 4559 8150 40
NB 4559 8151 36
NB 4559 8152 45
NB 4559 8153 40
NB 4559 8154 37
NB 4559 8210 80
NB 4559 8211 85
NB 4559 8212 82
NB 4559 8213 87
NB 4559 8214 79
NB 4559 8215 63
NB 4559 8216 74
NB 4559 8217 64
NB 4559 8218 62
NB 4559 8219 72
NB 4559 8220 58
NB 4559 8221 67
NB 4559 8222 70
NB 4559 8223 72
NB 4559 8224 87
NB 4559 8225 80
NB 4559 8226 75
NB 4559 8227 75
NB 4559 8228 73
NB 4559 8229 72
NB 4559 8230 59
NB 4559 8231 77
NB 4559 8232 70
NB 4559 8233 46
NB 4559 8234 14
NB 4559 8235 14
NB 4559 8236 14
NB 4559 8237 14
NB 4559 8238 16
NB 4559 8239 12
NB 4559 8240 12
NB 4559 8241 12
NB 4559 8242 11
NB 4559 8243 11
NB 4559 8244 10
NB 4559 8245 11
NB 4559 8246 14
NB 4559 8247 15
NB 4559 8248 17
NB 4559 8249 34
NB 4559 8250 30
NB 4559 8251 27
NB 4559 8252 17
NB 4559 8253 19
NB 4559 8254 36
NB 4559 8310 80
NB 4559 8311 85
NB 4559 8312 96
NB 4559 8313 83
NB 4559 8314 85
NB 4559 8315 77
NB 4559 8316 64
NB 4559 8317 62
NB 4559 8318 65
NB 4559 8319 68
NB 4559 8320 68
NB 4559 8321 63
NB 4559 8322 62
NB 4559 8323 63
NB 4559 8324 82
NB 4559 8325 80
NB 4559 8326 92
NB 4559 8327 90
NB 4559 8328 87
NB 4559 8329 92
NB 4559 8330 84
NB 4559 8331 86
NB 4559 8332 83
NB 4559 8333 72
NB 4559 8334 50
NB 4559 8335 16
NB 4559 8336 15
NB 4559 8337 17
NB 4559 8338 15
NB 4559 8339 12
NB 4559 8340 13
NB 4559 8341 12
NB 4559 8342 12
NB 4559 8343 13
NB 4559 8344 17
NB 4559 8345 11
NB 4559 8346 10
NB 4559 8347 10
NB 4559 8348 9
NB 4559 8349 19
NB 4559 8350 17
NB 4559 8351 20
NB 4559 8352 15
NB 4559 8353 9
NB 4559 8354 31
NB 4559 8410 86
NB 4559 8411 72
NB 4559 8412 109
NB 4559 8413 87
NB 4559 8414 87
NB 4559 8415 86
NB 4559 8416 100
NB 4559 8417 87
NB 4559 8418 75
NB 4559 8419 75
NB 4559 8420 83
NB 4559 8421 75
NB 4559 8422 72
NB 4559 8423 85
NB 4559 8424 84
NB 4559 8425 95
NB 4559 8426 95
NB 4559 8427 95
NB 4559 8428 92
NB 4559 8429 88
NB 4559 8430 90
NB 4559 8431 90
NB 4559 8432 77
NB 4559 8433 70
NB 4559 8434 47
NB 4559 8435 32
NB 4559 8436 18
NB 4559 8437 18
NB 4559 8438 16
NB 4559 8439 50
NB 4559 8440 23
NB 4559 8441 20
NB 4559 8442 24
NB 4559 8443 50
NB 4559 8444 55
NB 4559 8445 51
NB 4559 8446 46
NB 4559 8447 22
NB 4559 8448 9
NB 4559 8449 9
NB 4559 8450 29
NB 4559 8451 32
NB 4559 8452 35
NB 4559 8453 38
NB 4559 8454 44
NB 4559 8519 82
NB 4559 8520 66
NB 4559 8521 72
NB 4559 8522 62
NB 4559 8523 77
NB 4559 8524 101
NB 4559 8525 102
NB 4559 8526 105
NB 4559 8527 110
NB 4559 8528 96
NB 4559 8529 90
NB 4559 8530 90
NB 4559 8531 92
NB 4559 8532 70
NB 4559 8533 61
NB 4559 8534 67
NB 4559 8535 57
NB 4559 8536 32
NB 4559 8537 36
NB 4559 8538 17
NB 4559 8539 19
NB 4559 8540 59
NB 4559 8541 37
NB 4559 8542 62
NB 4559 8543 61
NB 4559 8619 92
NB 4559 8620 85
NB 4559 8621 87
NB 4559 8622 70
NB 4559 8623 62
NB 4559 8624 71
NB 4559 8625 100
NB 4559 8626 106
NB 4559 8627 121
NB 4559 8628 109
NB 4559 8629 84
NB 4559 8630 56
NB 4559 8631 42
NB 4559 8632 36
NB 4559 8633 40
NB 4559 8634 35
NB 4559 8635 31
NB 4559 8636 66
NB 4559 8637 46
NB 4559 8638 17
NB 4559 8639 16
NB 4559 8640 50
NB 4559 8641 60
NB 4559 8642 67
NB 4559 8643 70
NB 4559 8719 87
NB 4559 8720 72
NB 4559 8721 83
NB 4559 8722 100
NB 4559 8723 72
NB 4559 8724 61
NB 4559 8725 68
NB 4559 8726 92
NB 4559 8727 92
NB 4559 8728 95
NB 4559 8729 95
NB 4559 8730 53
NB 4559 8731 77
NB 4559 8732 77
NB 4559 8733 77
NB 4559 8734 70
NB 4559 8735 75
NB 4559 8736 55
NB 4559 8737 39
NB 4559 8738 17
NB 4559 8739 17
NB 4559 8740 50
NB 4559 8741 58
NB 4559 8742 70
NB 4559 8743 68
NB 4559 8819 86
NB 4559 8820 85
NB 4559 8821 87
NB 4559 8822 104
NB 4559 8823 103
NB 4559 8824 74
NB 4559 8825 70
NB 4559 8826 60
NB 4559 8827 85
NB 4559 8828 92
NB 4559 8829 72
NB 4559 8830 70
NB 4559 8831 78
NB 4559 8832 70
NB 4559 8833 70
NB 4559 8834 70
NB 4559 8835 67
NB 4559 8836 61
NB 4559 8837 37
NB 4559 8838 25
NB 4559 8839 19
NB 4559 8840 70
NB 4559 8841 67
NB 4559 8842 64
NB 4559 8843 61
NB 4559 8919 73
NB 4559 8920 82
NB 4559 8921 90
NB 4559 8922 95
NB 4559 8923 98
NB 4559 8924 102
NB 4559 8925 100
NB 4559 8926 92
NB 4559 8927 62
NB 4559 8928 91
NB 4559 8929 75
NB 4559 8930 87
NB 4559 8931 89
NB 4559 8932 76
NB 4559 8933 68
NB 4559 8934 71
NB 4559 8935 46
NB 4559 8936 56
NB 4559 8937 54
NB 4559 8938 29
NB 4559 8939 23
NB 4559 8940 60
NB 4559 8941 66
NB 4559 8942 72
NB 4559 8943 69
NB 4559 9019 92
NB 4559 9020 84
NB 4559 9021 87
NB 4559 9022 95
NB 4559 9023 97
NB 4559 9024 105
NB 4559 9025 101
NB 4559 9026 95
NB 4559 9027 66
NB 4559 9028 64
NB 4559 9029 60
NB 4559 9030 71
NB 4559 9031 60
NB 4559 9032 57
NB 4559 9033 74
NB 4559 9034 57
NB 4559 9035 47
NB 4559 9036 58
NB 4559 9037 39
NB 4559 9038 30
NB 4559 9039 24
NB 4559 9040 35
NB 4559 9041 63
NB 4559 9042 70
NB 4559 9043 71
NB 4559 9119 100
NB 4559 9120 94
NB 4559 9121 97
NB 4559 9122 102
NB 4559 9123 105
NB 4559 9124 105
NB 4559 9125 110
NB 4559 9126 107
NB 4559 9127 92
NB 4559 9128 82
NB 4559 9129 82
NB 4559 9130 88
NB 4559 9131 85
NB 4559 9132 80
NB 4559 9133 76
NB 4559 9134 65
NB 4559 9135 65
NB 4559 9136 55
NB 4559 9137 52
NB 4559 9138 39
NB 4559 9139 26
NB 4559 9140 33
NB 4559 9141 65
NB 4559 9142 73
NB 4559 9143 74
NB 4559 9219 96
NB 4559 9220 111
NB 4559 9221 97
NB 4559 9222 101
NB 4559 9223 104
NB 4559 9224 105
NB 4559 9225 124
NB 4559 9226 110
NB 4559 9227 97
NB 4559 9228 95
NB 4559 9229 87
NB 4559 9230 91
NB 4559 9231 90
NB 4559 9232 82
NB 4559 9233 77
NB 4559 9234 67
NB 4559 9235 64
NB 4559 9236 60
NB 4559 9237 55
NB 4559 9238 47
NB 4559 9239 31
NB 4559 9240 25
NB 4559 9241 40
NB 4559 9242 61
NB 4559 9243 64
NB 4559 9319 111
NB 4559 9320 130
NB 4559 9321 115
NB 4559 9322 96
NB 4559 9323 105
NB 4559 9324 108
NB 4559 9325 115
NB 4559 9326 110
NB 4559 9327 105
NB 4559 9328 98
NB 4559 9329 88
NB 4559 9330 87
NB 4559 9331 88
NB 4559 9332 82
NB 4559 9333 77
NB 4559 9334 74
NB 4559 9335 67
NB 4559 9336 57
NB 4559 9337 56
NB 4559 9338 51
NB 4559 9339 55
NB 4559 9340 27
NB 4559 9341 22
NB 4559 9342 44
NB 4559 9343 65
NB 4559 9419 115
NB 4559 9420 132
NB 4559 9421 115
NB 4559 9422 100
NB 4559 9423 83
NB 4559 9424 98
NB 4559 9425 110
NB 4559 9426 105
NB 4559 9427 106
NB 4559 9428 102
NB 4559 9429 97
NB 4559 9430 93
NB 4559 9431 91
NB 4559 9432 81
NB 4559 9433 77
NB 4559 9434 77
NB 4559 9435 77
NB 4559 9436 67
NB 4559 9437 69
NB 4559 9438 50
NB 4559 9439 41
NB 4559 9440 32
NB 4559 9441 24
NB 4559 9442 20
NB 4559 9443 45
